Time [ps],Kinetic Temperature [kJ/mol],Pressure
726600.001,1.0202726316658182,0.0011037394117863763
726600.002,0.9752928987523198,0.0010483301543111577
726600.003,1.0105282557501267,0.0011003768859809168
726600.0040000001,0.9822883324028928,0.001069714354410142
726600.005,1.0047649099600857,0.0011306754458918302
726600.006,1.0058902157107275,0.0012224451692743523
726600.007,1.0009303853859626,0.0011817908221368465
726600.008,1.0112550475514164,0.0011142829535803448
726600.0090000001,1.022673903483953,0.0011367794342155334
726600.01,1.0081035147953834,0.0010803106042485814
726600.011,0.9897312356289976,0.0010364194388266276
726600.012,0.9774827360607358,0.0009525551213680953
726600.013,0.9940805138850274,0.0010012092804472907
726600.0140000001,0.9931563543745738,0.0010245102144277407
726600.015,1.0000696358017558,0.0010001640471728117
726600.0160000001,1.0050111490856533,0.0010038404829743085
726600.017,0.9892597415123809,0.0009650669163320365
726600.018,1.0300085545611997,0.001061614639141012
726600.0190000001,1.0117813897982366,0.0010528668405090438
726600.02,0.9953343347869733,0.0010095141323881375
726600.0210000001,0.9858684524756101,0.0010196200438782545
726600.022,1.0026748465878574,0.0010600682537315106
726600.023,0.9841226610554924,0.0010376714148811346
726600.0240000001,1.0023390403913073,0.0010973721699643144
726600.025,1.0074242804900315,0.0011621586406387711
726600.0260000001,1.0106504811718717,0.001162010790461526
726600.027,0.9941266270726798,0.0011184058734578302
726600.028,1.0002423117608235,0.0011728647606961407
726600.029,1.003895331968205,0.0011623847125145639
726600.03,1.0084232310095436,0.0011868992427035412
726600.0310000001,1.0192655089769462,0.0012700169773596584
726600.032,1.0018058778547008,0.001220942336301445
726600.033,0.9850607124378641,0.001243203994713218
726600.034,1.0110653989549439,0.0012268134787829612
726600.035,0.9887315772177654,0.0011742617651239714
726600.0360000001,1.0029515330986005,0.0011803500079921707
726600.037,0.9814332180153458,0.0011009181634630326
726600.0380000001,0.9926669773204865,0.0010923570552656664
726600.039,0.9880726935615064,0.0010882320212302463
726600.04,1.0123204137754496,0.001134361147363462
726600.0410000001,1.0031392922564637,0.001105579790544051
726600.042,1.0125626142275448,0.0011057106578173277
726600.0430000001,0.9899876027311169,0.0010444556855324233
726600.044,1.0078075793413206,0.001072357400836306
726600.045,1.0146437195284692,0.0011056637401136388
726600.0460000001,1.0050746176945566,0.0010998302936905434
726600.047,0.9995197772130826,0.001049532370795442
726600.0480000001,0.9901796362781579,0.0010597950937331054
726600.049,1.0141381246887957,0.001109325616568063
726600.05,0.9839009042282398,0.0010580717837282132
726600.051,0.993664960416636,0.0011017796250513314
726600.052,1.005650536091987,0.001099301570850281
726600.0530000001,0.9936220460168573,0.0010921865025416496
726600.054,0.9830683215923622,0.001078133158567327
726600.055,1.0186127482459362,0.0011353818830804631
726600.056,1.011283966463454,0.001131489784494213
726600.057,1.0173194929577276,0.0011531452710366282
726600.0580000001,0.9964667930145531,0.0010908572089719886
726600.059,0.9941053719372398,0.0011111947010694412
726600.06,0.9975786259972967,0.001073011010705976
726600.061,0.999929320339179,0.0010749221867422543
726600.062,0.9950548349339283,0.0010407616925576795
726600.0630000001,1.0062959596639391,0.0010569180728007396
726600.064,0.9893938711240958,0.0010504647112345937
726600.0650000001,0.9766341629401483,0.0010449841973766126
726600.066,1.01315195504523,0.001109184762020619
726600.067,1.0129317730047787,0.001077743809736907
726600.0680000001,0.9970134816495931,0.001028450197738086
726600.069,0.9733584145982658,0.0009756607200537122
726600.0700000001,1.0030132181933018,0.001017340534917906
726600.071,0.9956911969449719,0.0009701786808279331
726600.072,1.0006251055785007,0.0009663271329804092
726600.0730000001,1.008825029690653,0.0010414091252631177
726600.074,0.9925771605238194,0.001042418463009435
726600.0750000001,0.9979770599469123,0.0010945814917416078
726600.076,1.0059585394448034,0.0011247238867345283
726600.077,0.9902914792595409,0.0011853471752149387
726600.078,0.9955335913759555,0.0011575973631293968
726600.079,1.0004484813067944,0.001147563739320773
726600.0800000001,1.0050020498656564,0.0011773393823874844
726600.081,1.0202637837811743,0.0011922198919137
726600.082,1.002083524222292,0.0011565608080499118
726600.083,1.01265607352706,0.0011791180817753535
726600.084,0.998671464716891,0.0011711333287772235
726600.0850000001,1.0130159449367244,0.001161770684691208
726600.086,1.020832862432305,0.0011540395573321491
726600.087,1.0041002494113007,0.001101755661900917
726600.088,1.0269142587915447,0.0012016226315754819
726600.089,1.0021893386483471,0.0010706334477700483
726600.0900000001,0.9907076695508121,0.0010684300721033166
726600.091,1.0038262406345138,0.001121762773845916
726600.0920000001,0.9966106001525763,0.0011075443573978837
726600.093,1.0139139561556962,0.0011342485856420653
726600.094,0.9927383442907836,0.0011890605223272325
726600.0950000001,1.0026356027179548,0.0011709823747443995
726600.096,0.9790359772808718,0.0011338454666807013
726600.0970000001,1.0149401041452297,0.0011948196138829603
726600.098,1.0209410502342233,0.0011927394285238678
726600.099,1.0035143083835945,0.0011295049535180047
726600.1,0.9882254473149005,0.0011473391589059802
726600.2000000001,0.9994723611874288,0.001156500110279325
726600.3,1.019225998687826,0.001006841341393076
726600.4,1.0012668711786388,0.001075232547502281
726600.5,1.0093861180810912,0.0009829194798214955
726600.6,0.9867832379099327,0.0008623747548384765
726600.7000000001,1.0001960752064605,0.0008058082719626797
726600.8,0.9962718521195912,0.0009244827535146227
726600.9,0.9981524681089742,0.0009412115463962566
726601.0,0.9948521965734558,0.0010735085956615593
726601.1,0.9894263040216537,0.0010269181555728247
726601.2000000001,0.9861657033894236,0.0008604594410100935
726601.3,0.9912705228348405,0.0010102033449462641
726601.4,1.0061658556561537,0.0012838353048505431
726601.5,1.002404334810574,0.0010369825065448955
726601.6,0.9891146112255629,0.0010209887049847145
726601.7000000001,0.9950250706255994,0.0007220874931156697
726601.8,0.994681699976535,0.0007386135838887675
726601.9,0.9724347772444998,0.0008740162750712831
726602.0,0.9836742288126487,0.0009636265656305911
726602.1,1.0087916756607072,0.0009867799007467776
726602.2000000001,0.9659654123651119,0.0010334839166551042
726602.3,1.010142779556823,0.0013218418797769497
726602.4,1.0142095808613563,0.001193871830618449
726602.5,1.00216167664733,0.0011577825179180023
726602.6,1.002041385320147,0.0010882751580969655
726602.7000000001,1.002229518173227,0.0010838798277839384
726602.8,0.9938854327587506,0.0009674100280154162
726602.9,1.016644444741862,0.000788862060241092
726603.0,0.9972323598063688,0.0007224207860472096
726603.1,1.0110822352043092,0.0009618963235476415
726603.2000000001,1.007195083708732,0.0010927500582685417
726603.3,1.0144903792865152,0.0009527061691690699
726603.4,1.0001423588868268,0.0011095815984913946
726603.5,0.9918890996157619,0.0010704203013409824
726603.6,1.0149556272664135,0.0009032248726035738
726603.7000000001,0.9874166953498406,0.0009293109900294558
726603.8,0.9949276141491343,0.0008622020994388355
726603.9,0.9767086786099815,0.0008506901563456959
726604.0,1.0112815822032617,0.0009074531634405012
726604.1,1.0246848622722053,0.0011248842098365837
726604.2000000001,0.9997032280163519,0.0008842965300617706
726604.3,0.9840340627491627,0.0007993939196317856
726604.4,0.9926751220217868,0.0009255908080482124
726604.5,1.0030148630585471,0.0009213639984355409
726604.6,0.9919496631984843,0.0010440610076816754
726604.7000000001,1.0179159631080679,0.001137991358037747
726604.8,1.0153425683505983,0.0009742286907377243
726604.9,1.001561758511712,0.0010869636602688722
726605.0,1.0046318437296995,0.0009575529344113235
726605.1,1.0043892570972957,0.0010277866306485368
726605.2000000001,1.0228830420699777,0.0009922348059796739
726605.3,0.993323173057416,0.0009748446758178694
726605.4,1.010043162981351,0.0009018497547061084
726605.5,0.975992778536362,0.0007024001937138618
726605.6,1.0308315584230139,0.00092383702610458
726605.7000000001,1.004121195334049,0.0008685215091652777
726605.8,1.0113449739974758,0.0007225198722881682
726605.9,0.9974596178354161,0.0008478639618941916
726606.0,1.0110695851944447,0.000911915337963538
726606.1,0.9982352518909665,0.000932699894803959
726606.2000000001,1.0114891407170397,0.0007467531323356573
726606.3,0.9939514420750313,0.0008461393600028473
726606.4,0.9946215220013102,0.0010953006486953043
726606.5,1.0107695541622759,0.0009644592447607506
726606.6,1.0203299764649514,0.0008643355020157481
726606.7000000001,1.0203197829197461,0.0008941064089864872
726606.8,0.9840591194901686,0.0006480369147167477
726606.9,1.004997932177544,0.000797186078569792
726607.0,0.9821984286347356,0.0009726197179485383
726607.1,1.0238592755777267,0.0008266233369267149
726607.2000000001,1.0091503730710147,0.0008069835827333923
726607.3,0.9896812576798943,0.0007177998011650154
726607.4,1.0082096331696841,0.0008656550299670334
726607.5,1.0076177961364032,0.0011458409796684292
726607.6,1.0028521839056979,0.0009531309867986082
726607.7000000001,1.0053388578143663,0.000988434199944922
726607.8,0.9981519383069074,0.0007295176513416348
726607.9,0.999310463857478,0.0008448288406367208
726608.0,1.0146676913065305,0.0008847384576044665
726608.1,1.017250304705509,0.0007741226679229975
726608.2000000001,1.0038591072498597,0.0006226051926449878
726608.3,1.0082955129867883,0.0006216344635541016
726608.4,1.0059465863294306,0.0007226279343342629
726608.5,1.0028522894483962,0.0007961432545880352
726608.6,1.0213328215010775,0.0008298796160440521
726608.7000000001,0.9974039275693821,0.0007722703881338354
726608.8,0.9741100379288344,0.0007951793837998824
726608.9,1.02697049178046,0.0007001650307799344
726609.0,1.00610311749677,0.0007069357219263958
726609.1,1.0109158619152385,0.0005029630172348707
726609.2000000001,0.9990149561871243,0.0005811366646605656
726609.3,0.9954382479474378,0.0008403359926948992
726609.4,0.9922565934501988,0.000877558193724503
726609.5,0.9917639284319385,0.0009677117167558783
726609.6,1.0127152422999153,0.0009595674991372622
726609.7000000001,1.0330586476690988,0.001063345367983165
726609.8,0.9977457371057306,0.0009165057207235314
726609.9,0.9865802615115578,0.0010063461738242497
726610.0,0.9970504394593694,0.0010613681962285055
726610.1,0.9981319546978638,0.0012050666863772479
726610.2000000001,1.0250072848668426,0.0009166660545853888
726610.3,0.9922666082027846,0.0012970934769528104
726610.4,1.0065589515353963,0.001311237379827634
726610.5,1.0091040492666392,0.0007844052104192115
726610.6,0.9966568972870244,0.0008479779071931462
726610.7000000001,0.9964852890370277,0.0007899383004796021
726610.8,1.005262015882843,0.0010429873319316072
726610.9,0.9921165924786673,0.0011331156548863763
726611.0,0.9922285215181179,0.0011322168162663797
726611.1,1.0100911776354742,0.0011938552350857705
726611.2000000001,0.9975196649316255,0.0009820945982864815
726611.3,1.0004162023126806,0.0009643425248136872
726611.4,0.991591298576064,0.0009637663709609889
726611.5,1.0042873274669457,0.0009308175941925599
726611.6,1.001564654736826,0.0011673133623400817
726611.7000000001,1.01279252870863,0.0011146603382032208
726611.8,0.996716116956743,0.0007643482648807561
726611.9,1.0234928220510333,0.0010994421670886688
726612.0,1.017272574074482,0.0010817057474927078
726612.1,0.9981526456360873,0.0009709328313698862
726612.2000000001,0.9962291560043655,0.0009723003654364964
726612.3,1.0053572598185816,0.0007695854653157878
726612.4,1.0166576811056145,0.0008113409173474305
726612.5,1.004362954368355,0.0008547814440382068
726612.6,0.9960032843076915,0.0008239132552368514
726612.7000000001,1.035692846381508,0.0008490163941322975
726612.8,1.0132642511019385,0.0009454142796625983
726612.9,1.0092670858130572,0.0007011885403345726
726613.0,1.0222508684385991,0.0009761153119062647
726613.1,1.006702873331223,0.0007871951283068782
726613.2000000001,1.0114915407353988,0.0009468599971744922
726613.3,1.022291007078481,0.0005049797558646994
726613.4,0.9989642406201431,0.0006173768949536534
726613.5,0.989689368008051,0.0005007347523861942
726613.6,1.0214965830903406,0.0006704078614459462
726613.7000000001,1.0074942545249184,0.0006889992718105025
726613.8,0.998545764925472,0.0007334422155483884
726613.9,1.0046762122737587,0.0008749934702419267
726614.0,1.0115260017821486,0.0007917839948741132
726614.1,1.0114614051366637,0.0009925753757918233
726614.2000000001,1.0058833111650873,0.0008322865477263409
726614.3,0.9962876773856485,0.0008237021148890532
726614.4,1.0076992625245274,0.0009577637117149793
726614.5,0.9800106689770692,0.0008762663067479828
726614.6,0.9926556472141664,0.000759637153663068
726614.7000000001,1.0171145070128262,0.0008594801170802565
726614.8,1.0088247839704376,0.0011368580155163687
726614.9,0.9815958970912088,0.0011367611788378003
726615.0,0.9870397250807479,0.001099196660026269
726615.1,0.9957084104471055,0.0009692939188040565
726615.2000000001,0.9958167285193111,0.0008671194822110654
726615.3,1.0062224656998269,0.001017686387592227
726615.4,1.0101872794418727,0.0011441995218708762
726615.5,0.9940525089073464,0.0011928560891967248
726615.6,1.009081515794992,0.0009080655844949691
726615.7000000001,0.980418643049766,0.0007720688077833488
726615.8,0.994716908409989,0.0011237795731059983
726615.9,1.0110391982501232,0.0010556238813515285
726616.0,1.000402278991796,0.0008679975959123115
726616.1,1.0020484029918681,0.0010763505337203314
726616.2000000001,0.9974181684822822,0.0007709871089258483
726616.3,0.9978826052291214,0.0009585455076152093
726616.4,0.992205523989798,0.0006703775074576919
726616.5,1.0036418540694396,0.000716077220797781
726616.6,1.010041386486995,0.0007825597663156457
726616.7000000001,0.9835641585672521,0.0007303691642082253
726616.8,1.009707690048209,0.0007582183379574685
726616.9,0.9985227550674696,0.0008405428981576229
726617.0,1.0038179918329242,0.0008831884603940727
726617.1,0.9982516106617695,0.000804092708412785
726617.2000000001,0.9845403950510466,0.0009562050326685485
726617.3,1.0089684344887253,0.0010312003716146027
726617.4,0.9930315328688134,0.0010734471097507722
726617.5,0.9965390927366881,0.0013971338793705192
726617.6,0.9868571610343565,0.0007824857727500113
726617.7000000001,0.9970941056182305,0.0009065631574175416
726617.8,1.0098444378922982,0.0010920997040484003
726617.9,0.9993171709792773,0.0011478869296968487
726618.0,0.985454031506637,0.0008393076180214394
726618.1,0.9906671703336993,0.0010763101571698108
726618.2000000001,0.9806807808741647,0.001046855326258418
726618.3,0.9951186673788794,0.0008470370525598326
726618.4,0.9883925213278083,0.0011630374409395809
726618.5,1.0228003198840174,0.0008357222751382869
726618.6,1.010416028463881,0.0007023789258112131
726618.7000000001,0.9989372979791016,0.0010103052302421695
726618.8,0.9743522731830242,0.0010136956817336025
726618.9,0.9920274227326266,0.0010792806965673354
726619.0,0.9927901195786664,0.0007747306617476217
726619.1,0.9773735738680721,0.000594150418449008
726619.2000000001,0.9975961162050707,0.000769544795752471
726619.3,0.9766883829833876,0.0008746217909905603
726619.4,0.9794355011251178,0.0009386556925466837
726619.5,1.0140136071288934,0.0009143927532178476
726619.6,0.993657371768573,0.0005961553294874952
726619.7000000001,1.0040884318880132,0.0006923059704033841
726619.8,1.0014161139600444,0.0008741796656357301
726619.9,0.9940230426604991,0.0006722045412946901
726620.0,1.0128408189272864,0.0006125289340700577
726620.1,1.0035190482379297,0.0007095820872690259
726620.2000000001,0.9966499835764291,0.0007613722930163386
726620.3,0.9929254013112346,0.0008649956768363356
726620.4,1.0077882081622178,0.0007112679145006723
726620.5,1.0083940855647526,0.0009652672107858438
726620.6,1.0152957128435143,0.0009376316772693685
726620.7000000001,0.9926064770996076,0.0010241107560983193
726620.8,1.0043147717850367,0.0008997672762172796
726620.9,1.0161899839511925,0.0007427021961386184
726621.0,0.9928640270890129,0.0007904445996850231
726621.1,0.9940359864439124,0.0007716527677850089
726621.2000000001,1.0204309404359235,0.001020427876731343
726621.3,0.9684760182030316,0.0008832250472463965
726621.4,0.9964182981419504,0.0006661505633028457
726621.5,1.0190718171125654,0.0006883392093854269
726621.6,0.9890177932815714,0.0007130982516740566
726621.7000000001,0.9854987637519657,0.0008231311218707237
726621.8,0.9993643707929221,0.0008427604236967056
726621.9,0.9697341047134667,0.0007197216617523406
726622.0,1.015824409706783,0.0009122427702838385
726622.1,0.991391119544404,0.0009661315524275786
726622.2000000001,0.9994177766525403,0.0010441951114637596
726622.3,0.9962358552930769,0.000987023363680107
726622.4,0.9811650073187402,0.0009364405050479428
726622.5,0.9865081032572207,0.0010799342201495154
726622.6,1.0038989977411128,0.0009783884832269276
726622.7000000001,0.9707092218751077,0.0009799131827505016
726622.8,0.9961996565381233,0.0009217610330682669
726622.9,1.0084213220731972,0.0010722288006663205
726623.0,1.0248690774398252,0.0010549843551355652
726623.1,0.9946795087803567,0.0008327619524374709
726623.2000000001,0.9919375372080974,0.0008403645194582865
726623.3,1.0087973353763617,0.00083786675655656
726623.4,0.9988927542610291,0.0009390832342102665
726623.5,1.0005571272411378,0.0008255238412896734
726623.6,1.0143571432455754,0.0009233007876257302
726623.7000000001,0.9919684708626649,0.0007141221639346778
726623.8,1.0292998005152583,0.000942759290745476
726623.9,1.0088428755966585,0.0010730378877406813
726624.0,0.9964794635604872,0.0011964006641826254
726624.1,0.9990429815445109,0.0010159735625728324
726624.2000000001,0.9751963963901837,0.0005485460159970373
726624.3,0.9873536550499863,0.000895059404287781
726624.4,1.0080536688687662,0.0008826354721374994
726624.5,0.9996386286157244,0.0010182579367379165
726624.6,1.0084867194269396,0.0008746708979815448
726624.7000000001,0.978051127148736,0.000730510218254072
726624.8,0.9939031035622179,0.0011060461671798566
726624.9,1.01172956181241,0.0010653744259695012
726625.0,0.989243489704576,0.0011884018139916154
726625.1,0.982577415830702,0.0009451344183996716
726625.2000000001,1.0005809845016111,0.0008787078981078558
726625.3,1.0009611402648477,0.0007653025619761107
726625.4,1.0173699196426829,0.0007747823694337091
726625.5,0.9951545567787402,0.0008497525077031731
726625.6,0.9821742548193565,0.0010427163173365136
726625.7000000001,1.005184468256588,0.0008032999350047285
726625.8,1.0054103956457703,0.0008696664780329028
726625.9,1.0176646570890848,0.0007952657911103926
726626.0,0.9860455977709653,0.0010073658710827837
726626.1,1.002489444001033,0.0009461450427111547
726626.2000000001,0.9905450206390346,0.0007897089092161906
726626.3,0.9970789436368989,0.0007828582495023682
726626.4,1.0231507655993441,0.0009005645040428798
726626.5,1.0033693893300315,0.0006926195655461329
726626.6,0.9936823667259272,0.000916748733478762
726626.7000000001,0.9899876746816596,0.0009424082606746961
726626.8,0.9961639477839141,0.0008823190699130067
726626.9,0.9893805446675602,0.0009569728248365856
726627.0,1.0171130067699916,0.0010519064822753742
726627.1,1.0245253772623433,0.0009876850104637751
726627.2000000001,1.0061604107436775,0.0010279578978152457
726627.3,1.0043965835511086,0.0007361246671536744
726627.4,0.9918954484145163,0.0010692807089144262
726627.5,0.9841163221826524,0.0010863036265919667
726627.6,0.9941585116401942,0.0011749764666180139
726627.7000000001,0.9843866584997857,0.0009273805919028963
726627.8,0.9929429349644155,0.0009041262235969855
726627.9,1.004521379889084,0.0009860763093574277
726628.0,0.9995263820748334,0.0008954696823019747
726628.1,1.0179816067393248,0.0005416836711690827
726628.2000000001,1.0094083290654445,0.0007818878350880579
726628.3,0.9954522653302973,0.0007475884903720804
726628.4,0.9687147450702847,0.000927072049740918
726628.5,1.0101121181195396,0.0010196926450066362
726628.6,0.994623939578257,0.0010267253517091443
726628.7000000001,1.0012321539207008,0.0010872929276077804
726628.8,0.9997302787550513,0.0010009006864514479
726628.9,0.9757344664072365,0.000984392598833012
726629.0,0.9950744905766812,0.0010432232789135763
726629.1,0.9908125270584864,0.0009133574134126973
726629.2000000001,1.0084951956250916,0.0008412259486435261
726629.3,0.998363322347378,0.000953612502193971
726629.4,1.0146217284680552,0.001039256979921593
726629.5,1.0167993998174683,0.0011965064643925727
726629.6,1.0036358724743115,0.0010795966762467415
726629.7000000001,1.0000739520948263,0.0010726493148815715
726629.8,1.0273277920086419,0.0011122066563225904
726629.9,1.0053332591521322,0.00113627703929207
726630.0,0.9984165562091374,0.0011310147209878812
726630.1,1.012901763806992,0.0013085644711703654
726630.2000000001,0.9757616916515135,0.0012622959233078062
726630.3,0.9959036234281026,0.00119201662219346
726630.4,1.0045915870658544,0.0012732323719285552
726630.5,0.9865705904020068,0.001290046948238601
726630.6,0.987912407475358,0.0012853161328094636
726630.7000000001,1.0110393198030505,0.0013996312358211297
726630.8,0.9735476007267354,0.0011101686161685152
726630.9,0.9913514484217603,0.0008235142879045214
726631.0,1.0003566249365992,0.0007958123463356153
726631.1,0.9944337607725288,0.000640516881691458
726631.2000000001,0.9972081109864511,0.0009597251079948532
726631.3,1.0124367832848051,0.0007737927452592616
726631.4,0.9993133710877303,0.00090841017404431
726631.5,1.010426286756081,0.0006897546485126183
726631.6,0.9911390240859599,0.0008088034170741367
726631.7000000001,1.014749484669783,0.0011266070657390765
726631.8,1.0204817798383357,0.001007054856874008
726631.9,0.9880533281407149,0.0007857873224012804
726632.0,0.9881745177340314,0.0007396687686786104
726632.1,0.9881210357766848,0.0008741099882924689
726632.2000000001,1.0060198632946107,0.0008349244734181679
726632.3,0.9926901510728192,0.0010120773200266765
726632.4,1.0391719147967167,0.0009632555374759322
726632.5,0.9993441233514048,0.00127064659517998
726632.6,1.0088366951985868,0.0009489461662535473
726632.7000000001,0.9832468551146978,0.0009550508552154426
726632.8,1.014090317476679,0.0010691866486671091
726632.9,0.996996446739554,0.001080496232493265
726633.0,0.9944438662469721,0.0009273485537217692
726633.1,1.019196874717909,0.00088343666098028
726633.2000000001,0.9982971296220166,0.0008669600618535032
726633.3,0.975711925272083,0.0009612608961828297
726633.4,1.0165107528761907,0.0010283666581367402
726633.5,1.0174073689995686,0.0009302742857107122
726633.6,1.006533621939121,0.0008444396216783872
726633.7000000001,1.003056061662437,0.0009543237202328247
726633.8,1.000021427607518,0.0008254339925052204
726633.9,0.9885680946367533,0.0010770020684184665
726634.0,1.0119807887686916,0.0009345953806159563
726634.1,1.0074859784520092,0.0008033498820022239
726634.2000000001,0.9988390081602972,0.0008360583958623016
726634.3,1.0054962266573924,0.0007989381153693222
726634.4,1.0189691135484462,0.0010530259211581996
726634.5,0.9887625574477709,0.000997731000276482
726634.6,0.9940410709078996,0.0010793988445064703
726634.7000000001,1.0235012061306767,0.001079192317188696
726634.8,0.9955539503387488,0.0009247696463795688
726634.9,0.9866888659988603,0.0010627289954477858
726635.0,0.9891370335699364,0.001181137630911568
726635.1,0.9874707947311929,0.001038310375726309
726635.2000000001,0.9801206667974133,0.0009772201219128628
726635.3,0.9953372155041198,0.00088866631001042
726635.4,0.9887245435737462,0.0008139772467235808
726635.5,1.0014338299486556,0.0008716372426436767
726635.6,0.9766025909119076,0.0007962367634853876
726635.7000000001,1.00288156287683,0.0009912568669829954
726635.8,0.9845775007735841,0.0007850771223882789
726635.9,0.9956318984668809,0.0009382635992042773
726636.0,0.9685396343426339,0.0008272510774662179
726636.1,0.9948961501148371,0.0009585996113835524
726636.2000000001,1.006721364655952,0.0008330212653831747
726636.3,0.975997660238408,0.0009523974559326377
726636.4,0.9814351248818778,0.0010124230517331264
726636.5,1.0068257650333752,0.001049197008826084
726636.6,1.0052551113391865,0.0011252345651104384
726636.7000000001,1.0017174308554124,0.000807718880743
726636.8,1.0165708938427354,0.0010802288563642312
726636.9,0.974803969257361,0.0009475924642562057
726637.0,0.9798326255650384,0.0007764332678548644
726637.1,0.992952019368672,0.0009087388649643224
726637.2000000001,0.9941482607924008,0.0011875968172833623
726637.3,1.0093251945821549,0.0006982114012175815
726637.4,0.9829992153940712,0.0009405048018912049
726637.5,1.0020160732459371,0.0009739764410214046
726637.6,1.0109795775490336,0.0008415169301538081
726637.7000000001,0.9870191188797544,0.0008042410451210165
726637.8,0.980874416338823,0.0009219596814479001
726637.9,1.0241802957823558,0.0010362911791165167
726638.0,0.994750179248777,0.0008857923365173367
726638.1,1.0135540920231756,0.0008185842324226442
726638.2000000001,0.9688660205992019,0.000826790533753546
726638.3,1.008278517849926,0.0013590808764689885
726638.4,1.0067424549974342,0.0009364170314393096
726638.5,1.01030441305954,0.001008596666693486
726638.6,0.9993841633366704,0.0006730922005617982
726638.7000000001,0.9984009383946933,0.0008093075119740819
726638.8,0.9799610388002041,0.0008455816553687281
726638.9,1.0008791506220411,0.000988912389287924
726639.0,0.997543593593084,0.0008536742555355811
726639.1,1.012040967236043,0.0009838156502808787
726639.2000000001,0.99577133328337,0.000985159980650024
726639.3,1.003252295550536,0.0008735836551041206
726639.4,1.0003484966499239,0.0007905087536470702
726639.5,0.9873211118561327,0.000627984229524571
726639.6,1.011268170023599,0.000823882568338831
726639.7000000001,0.9872422648916469,0.0006636057063283638
726639.8,1.0087216642154317,0.0009523758360522317
726639.9,1.0024400522253567,0.0010176940299720912
726640.0,0.9976315526304033,0.0009067724313755658
726640.1,0.9929764030977426,0.0009064092095401745
726640.2000000001,0.9960399879085179,0.0009592739839827348
726640.3,1.009651168693473,0.0008688229696518549
726640.4,1.0028415554452859,0.0008792158767128488
726640.5,1.0028835974280577,0.0007531462912410721
726640.6,1.0178256781583617,0.0010065434894816455
726640.7000000001,0.9867349609978586,0.0006608493233368845
726640.8,1.0085081358735533,0.0010459544328331495
726640.9,1.016559327746845,0.001109390999666516
726641.0,0.9809462908545015,0.0011227992060122147
726641.1,1.0076909911723597,0.0009204300917359747
726641.2000000001,0.9848677214915389,0.0008889438527631075
726641.3,0.992488236120659,0.0008926354915840425
726641.4,1.0001872477085947,0.0009847599181838159
726641.5,0.9825121362961415,0.0008078241023903927
726641.6,0.994121804187432,0.000967471397446143
726641.7000000001,0.9906957054736832,0.0011190320052847362
726641.8,1.0183967442672635,0.001233483370941934
726641.9,1.0098830230724485,0.0011188879343027066
726642.0,1.0137526831835546,0.0011790537431234191
726642.1,0.9983360414530632,0.001020131785429202
726642.2000000001,1.003281717370197,0.0011909660174219145
726642.3,0.9932401691146555,0.0011380091027718181
726642.4,0.9996333102791957,0.0012006042318927171
726642.5,0.9823729127911681,0.001136368762812936
726642.6,1.0240386795043586,0.00095943312078229
726642.7000000001,1.0039365632181132,0.0009146437030515974
726642.8,0.9903100528835082,0.0009537393050524274
726642.9,1.0098772679399652,0.0007328641270774115
726643.0,1.0148254656752898,0.0006876145638702632
726643.1,0.9905188525023725,0.0006605905617315619
726643.2000000001,0.9962894095348392,0.0008890252171565739
726643.3,1.002754946613938,0.0011931067053226998
726643.4,1.0019997881033709,0.0011807820758872203
726643.5,0.9965421651160898,0.0009700978821431707
726643.6,0.9911669447056694,0.0011003093971493746
726643.7000000001,1.0062751169397612,0.0009026498776665485
726643.8,0.9793112234999419,0.0008875190859759524
726643.9,1.0063635758876028,0.00106029149308222
726644.0,1.0139312943199872,0.0009508464588425467
726644.1,0.9951966647046755,0.0009387346600412299
726644.2000000001,0.9971858935226413,0.0010663390360645215
726644.3,1.0062537792234059,0.0011133438654849406
726644.4,1.0014661170231773,0.0009635176745968997
726644.5,0.9944661785675984,0.0009507461374782049
726644.6,1.004933204333864,0.0011327487645955818
726644.7000000001,0.9928100557918701,0.0010180607492820649
726644.8,1.0021157440054058,0.0010654237387640734
726644.9,1.0017563499856301,0.0011558897451715182
726645.0,1.0054347568467856,0.0010343084324700496
726645.1,0.9911190647972254,0.0007457859229962471
726645.2000000001,0.9963567131822031,0.0010590662356631875
726645.3,0.9845943087582268,0.0009033337445295584
726645.4,1.004321253222702,0.001001149922138644
726645.5,0.9810540818263351,0.0009134293428726571
726645.6,0.9922646234005232,0.0007265438564484115
726645.7000000001,0.9913883188984626,0.0009069720359919962
726645.8,1.0076111279064368,0.0010194791881284787
726645.9,1.0035216992094402,0.000738883695469772
726646.0,1.0011637587983628,0.0009554221336255228
726646.1,1.0040592205979877,0.000981571172979527
726646.2000000001,0.9912744379532015,0.0010713758569350774
726646.3,1.0075745849535296,0.001134468911011201
726646.4,1.0041909062955179,0.0006866934849610225
726646.5,0.9969746207545931,0.0006690023623170415
726646.6,1.0064019575711705,0.0007811686269183522
726646.7000000001,1.0111666683264848,0.0009358620512569098
726646.8,0.9827960912574142,0.001051902087611202
726646.9,1.0018548590897705,0.0010406762772844666
726647.0,0.9972212273705916,0.0009784497737915848
726647.1,0.9953881342543248,0.0009695815695171053
726647.2000000001,1.0110176298812703,0.001092724956413602
726647.3,1.003017799036027,0.0011150602821238455
726647.4,1.0072369650309059,0.001148503245152356
726647.5,0.9990398900397137,0.0011451055382324215
726647.6,0.9974965532612083,0.0011111567332743218
726647.7000000001,0.9875171011307831,0.0008225991515201413
726647.8,0.9913602357937372,0.0008453154268286738
726647.9,1.0100345553708305,0.000983808147784739
726648.0,0.9972904420521221,0.0008437176286171592
726648.1,0.9913717069405916,0.0007935043595504709
726648.2000000001,0.9923324099919553,0.0008189616831131008
726648.3,0.9950952270133011,0.0007771121952999231
726648.4,1.0039666694278642,0.0008972094405324839
726648.5,0.9898720943176936,0.0008440996694596692
726648.6,0.9815571511083679,0.0008411049878443838
726648.7000000001,0.9962074628535813,0.0007756893379759312
726648.8,0.9901674841983442,0.0010085206345135304
726648.9,0.9937085203290283,0.0006784234821580705
726649.0,0.9981962456710031,0.0006780637809478979
726649.1,0.9937046919429899,0.0008461147052168129
726649.2000000001,1.0013595938966866,0.0009400229561527751
726649.3,1.0020146896601272,0.0007378951922256087
726649.4,1.0013254068756248,0.0006974029871831649
726649.5,0.9916172914976221,0.0009614268966763687
726649.6,1.0138051722389416,0.0008049409090218964
726649.7000000001,0.994456476707229,0.0009558264320335705
726649.8,0.992197043018118,0.0010968903224322956
726649.9,1.0094034423995784,0.0011186130292072795
726650.0,1.0049011570952584,0.000984760342668933
726650.1,0.9829163642617282,0.0008618254198915349
726650.2000000001,1.012595601533391,0.0007025858454576964
726650.3,0.9782720765482558,0.0006124746365846869
726650.4,1.002468870744179,0.0005895133645797536
726650.5,1.014699934377641,0.000842511718141418
726650.6,0.9883252925658136,0.0007438290973097603
726650.7000000001,0.9912265565591446,0.0007269276394914993
726650.8,1.004931456733921,0.0008041532836839546
726650.9,1.0065865751738858,0.0009055473252688726
726651.0,0.984615756247342,0.0008018677767783754
726651.1,1.002167428752555,0.0007605915787114012
726651.2000000001,1.0140257913749462,0.0007548350050554985
726651.3,0.9874192737314463,0.0005613311744003748
726651.4,1.0009511825375552,0.0004862288382012581
726651.5,1.005976058592476,0.0006089740604109648
726651.6,0.9951222561954621,0.0007752000748036597
726651.7000000001,1.0200453753792904,0.0006257886622906157
726651.8,1.0008840014587224,0.000817448763132739
726651.9,1.0176057854397833,0.0005954620002139594
726652.0,1.0044945573266229,0.0005407041861922593
726652.1,0.982810071282784,0.0005794523233347799
726652.2000000001,0.996392841567851,0.0008290038014329756
726652.3,1.0215667449922963,0.0007540770133289377
726652.4,0.9914269097860877,0.00098326019086443
726652.5,0.9961172886565823,0.0007272400802688677
726652.6,0.9803868743541626,0.0008375357698859559
726652.7000000001,0.98165344644071,0.0007723890039119792
726652.8,1.0356515050854378,0.0012196619662975029
726652.9,1.022766330023779,0.0011253886273439823
726653.0,1.0131655796315127,0.0008922838559854734
726653.1,1.002297691427692,0.0011676119212105716
726653.2000000001,1.0037435324977644,0.0010022355386995739
726653.3,1.0273307720946199,0.0008869708266429746
726653.4,1.003303662275233,0.001160379097326413
726653.5,0.9762954973805976,0.0009611816057704306
726653.6,0.9938468365167223,0.0010914918101538652
726653.7000000001,1.0119907300762152,0.001181273811739821
726653.8,0.9816047858943806,0.0010785705953058184
726653.9,0.9861546925899314,0.0010072542670932596
726654.0,1.0001542714194562,0.0010394957679310288
726654.1,1.00288558422774,0.0012347837067339994
726654.2000000001,1.0079535504030457,0.001259640153757232
726654.3,1.0329767540547792,0.0014636767426061666
726654.4,0.9997615251829243,0.0011455284086952595
726654.5,0.9994402232974517,0.0012268523426455687
726654.6,0.9954829560404054,0.0013465259686962282
726654.7000000001,0.9980752703112082,0.0013469890358833298
726654.8,0.9930768677830006,0.0011461831352871234
726654.9,1.0147890809169933,0.0010589638275980136
726655.0,1.0002323505645183,0.0010498887690880037
726655.1,1.017421056377538,0.001222266168167775
726655.2000000001,1.0030455252938881,0.0011850400530237348
726655.3,1.0007827780874887,0.0012349388842657545
726655.4,0.9845353450085567,0.001126935078256692
726655.5,1.0228979314674995,0.0011421228298790903
726655.6,1.0198596047473771,0.0009664173735960774
726655.7000000001,0.9985531341648318,0.0009852324437981484
726655.8,0.9966545124977509,0.0009836196887546232
726655.9,0.9984876497541112,0.0009783700574261603
726656.0,0.9793291360775368,0.0007272604310413182
726656.1,0.9991638055333122,0.0009518665020278738
726656.2000000001,1.01069461208299,0.0007551895156129716
726656.3,0.9953920332720614,0.0008255399782068306
726656.4,1.0027908637817557,0.0008529699031985267
726656.5,1.0063916641304436,0.0009403281213363887
726656.6,0.9952966112266626,0.0007467633266072975
726656.7000000001,1.0015232414468012,0.0007590044963373864
726656.8,1.006091068298386,0.0009353389640309731
726656.9,1.004655210425722,0.0009172222511227365
726657.0,0.9903133824129293,0.0007383935715329418
726657.1,0.9906399279245938,0.0007032923693144174
726657.2000000001,0.9881013856203397,0.0007776122055679702
726657.3,1.0326161217643226,0.0008434482333167124
726657.4,0.9958830758299368,0.0010112425361813498
726657.5,1.0175667803330741,0.0009517674357277931
726657.6,0.9903701937751247,0.0009295132893415127
726657.7000000001,1.0181866913661208,0.000772927766557668
726657.8,0.9752297677776697,0.0005964596118513261
726657.9,0.999300920707098,0.0008403223150599059
726658.0,1.0119994161542682,0.0008609651576206668
726658.1,0.9977489515194089,0.0007502449849459585
726658.2000000001,1.008507876457854,0.0008711532724778823
726658.3,1.0035564731196904,0.0007827594452611978
726658.4,0.9956799971682176,0.0006489753709442399
726658.5,1.004803415900651,0.0010157922449625962
726658.6,1.0115467005649326,0.0009837357117858186
726658.7000000001,0.9925047826344168,0.0009058789129166377
726658.8,0.9994891115854947,0.0008794200224948452
726658.9,0.991283641254824,0.0009935917403479557
726659.0,0.9900297105608288,0.0009591412013402739
726659.1,0.9988011210233607,0.0008466124599799547
726659.2000000001,1.0073962403846828,0.0006911468772262079
726659.3,0.9680755220607128,0.0006314392703127371
726659.4,0.9786466274340113,0.0008905044599040095
726659.5,0.9945933596252862,0.0008160035709100463
726659.6,0.9877719166170682,0.0009234542444685243
726659.7000000001,1.005400165330127,0.0007210322818213894
726659.8,0.9820827500876929,0.0008212941555016587
726659.9,1.0168587786397851,0.0008554289722749994
726660.0,1.0023948187184033,0.0010092835909670198
726660.1,0.9889795337820346,0.0010983383009461453
726660.2000000001,1.0063523995464994,0.001047078285180309
726660.3,1.011148929501827,0.0009380490107885721
726660.4,0.9957364736580512,0.0011497171033690336
726660.5,1.0047906984680726,0.0010136996643809045
726660.6,0.9975073835122054,0.0011909558492713785
726660.7000000001,1.0047696012743148,0.0009292941807584701
726660.8,0.9953466433957732,0.0008174630811371531
726660.9,1.0053841723679986,0.000989944864725335
726661.0,1.0111813348835212,0.000980988898257702
726661.1,0.9863253634790715,0.0009807320373849573
726661.2000000001,1.0298581384649546,0.0010348624142211204
726661.3,1.001607229173927,0.00106656067652445
726661.4,1.0326303163576411,0.0008536720305316489
726661.5,0.9772245695435273,0.0009860998077128335
726661.6,1.0238340192738513,0.0010292072170364449
726661.7000000001,1.0129579432271403,0.0011182723772964354
726661.8,1.0102392111336496,0.0010110199099510463
726661.9,0.9703382445954013,0.0011662208563022504
726662.0,0.9727580570953737,0.0011438578067515114
726662.1,0.9991532353225459,0.000863706264117645
726662.2000000001,1.005718661787393,0.0009822426601239095
726662.3,1.0061672566671633,0.0011178493981921587
726662.4,0.9892742897307827,0.0010585902294394497
726662.5,0.9865879683809027,0.0008975510819939432
726662.6,0.9909978583217046,0.001064479345198888
726662.7000000001,1.0065220788011433,0.0008207695532878623
726662.8,0.9889890946225697,0.0011861493913826527
726662.9,0.9987006620864679,0.001024015754176188
726663.0,0.9876513819026463,0.0013162836507947062
726663.1,1.0264781283903592,0.0012210235596638228
726663.2000000001,0.9948101720825154,0.0009441606280429695
726663.3,1.0004484260847428,0.0012698552437033972
726663.4,1.0267464677423321,0.001173898375533844
726663.5,1.006914272897348,0.0012662010308381955
726663.6,1.0068978840129363,0.0010973632321783031
726663.7000000001,0.9957989286398599,0.0007506743416876813
726663.8,0.994034382403124,0.0010178343976805944
726663.9,1.0037830361258162,0.0011234114755660468
726664.0,0.9951198299958369,0.0012545433948103586
726664.1,1.0001559353528766,0.0011807893683703525
726664.2000000001,0.9974679477997631,0.0011949063646150113
726664.3,0.9922912566812767,0.0010729018081842155
726664.4,1.0163298025044982,0.0013297497802047262
726664.5,1.001575364658136,0.0009650280063676933
726664.6,0.9890729204657642,0.0007328926391535942
726664.7000000001,1.0201330715612615,0.0009340060208207
726664.8,0.9990197637438684,0.000991318143005983
726664.9,0.986957126854946,0.0011140296880748357
726665.0,1.0081022525943015,0.0009814927039513218
726665.1,1.0018969845747667,0.000801978616370896
726665.2000000001,1.0154562415379587,0.0009007979576050537
726665.3,1.0241540043230093,0.0009114793498627579
726665.4,0.9986657623966539,0.000947212203615076
726665.5,0.9980997523718661,0.000911468518109485
726665.6,1.0072015499500222,0.001184158673655409
726665.7000000001,1.0100249446925504,0.0011135240951768858
726665.8,1.0226904749217751,0.000984235247224702
726665.9,1.0028123199355856,0.0009662694408936018
726666.0,0.9963394662895669,0.0007012416355582291
726666.1,1.010163445870841,0.0008606682749213253
726666.2000000001,0.9921301869089941,0.0006252341724084483
726666.3,0.9937361167842086,0.0006281103308051416
726666.4,0.9984035712260907,0.00065230678088258
726666.5,1.0053884433650608,0.0010776736621368557
726666.6,0.9888199569645618,0.0010643208014786527
726666.7000000001,0.9841736770173192,0.0010060648501107662
726666.8,1.0077779269215508,0.001173472647983904
726666.9,1.0141855905029051,0.0011321229424054635
726667.0,1.012033134565775,0.0009444944482856308
726667.1,1.0081486794301338,0.0009916271977546266
726667.2000000001,1.0177267449817213,0.001129605887713478
726667.3,1.0029489451789106,0.0010038391233092837
726667.4,1.0025359952939674,0.0008335722970955763
726667.5,1.0268075335429072,0.0008124006301989587
726667.6,1.0158487603536612,0.0008156405286019419
726667.7000000001,0.9766032388558975,0.0010891873022314297
726667.8,0.9823515772909239,0.000707831484867104
726667.9,1.0008038813020088,0.0009897523386400422
726668.0,0.989100960532231,0.0008969383688686316
726668.1,1.0220663409345885,0.0008216720142093565
726668.2000000001,0.9915103542116033,0.0008627710599773878
726668.3,0.9946878256396048,0.0010055800729229683
726668.4,0.9767672854428789,0.0010929434380334484
726668.5,0.9930664043788101,0.0009627104747179794
726668.6,1.0154184746964792,0.0009031514756522738
726668.7000000001,0.9992394920519093,0.0010031741245430286
726668.8,1.0130810344175143,0.000981397599719329
726668.9,0.9888612216740928,0.0009938838305309395
726669.0,1.0052211754374012,0.001058560906993647
726669.1,0.9920237951709189,0.0011051481422808805
726669.2000000001,0.9732772529379302,0.0009435437161504225
726669.3,1.0134934480366673,0.0008889449743274932
726669.4,0.9838496040207271,0.0008751034320954464
726669.5,0.9848598571314455,0.0009177257605032957
726669.6,1.012394057797953,0.0010336334619713197
726669.7000000001,1.0074779636763487,0.0010605501343872313
726669.8,1.0083781460247065,0.000769522207755397
726669.9,1.0028698471794042,0.0007925527745452432
726670.0,0.9900436491831235,0.0007088031918347928
726670.1,1.0230789062431822,0.0007092600217445211
726670.2000000001,1.0054339082416701,0.0008527538762947625
726670.3,1.001191866412275,0.0008882470613340428
726670.4,1.00024803449748,0.0010936351320449235
726670.5,0.9945184011800589,0.0010186015052912841
726670.6,1.020214883112969,0.0009700338248290329
726670.7000000001,1.0101358454019105,0.0009577053619146672
726670.8,0.9944910829857578,0.0010786671781415162
726670.9,0.992385613087578,0.001021797444219027
726671.0,1.0113011855697056,0.0012997072619565248
726671.1,1.0109590379543065,0.0010172779310915505
726671.2000000001,1.0063932083702785,0.0010376179599132596
726671.3,0.9872331333023447,0.0009018765252366904
726671.4,0.9831015496992043,0.0009257230916185763
726671.5,0.9949526921936683,0.0009563122916593528
726671.6,0.9949438091218367,0.0012202963014115572
726671.7000000001,1.0021964595348114,0.0011000979297929178
726671.8,0.9907961092734034,0.0011208368926393915
726671.9,0.9979806416632848,0.001157548889258237
726672.0,1.005342202870877,0.0010546727058385397
726672.1,0.9939114072821231,0.001138288522408241
726672.2000000001,1.02391363435564,0.0009158874960455504
726672.3,0.9707275178436165,0.0010158861485598017
726672.4,0.9858771000757155,0.0009484575829536136
726672.5,1.0050610163109672,0.0011079149465870136
726672.6,0.9995095179635789,0.001237133583735966
726672.7000000001,0.9991583932821676,0.0011557169987958466
726672.8,1.0219738251444663,0.0011023903815533106
726672.9,1.0009807024199016,0.001059168390656937
726673.0,0.9964925642717443,0.0010425395195481715
726673.1,1.024801252113461,0.0010168570286717136
726673.2000000001,1.005983374582982,0.0011099174307428574
726673.3,1.0091075451857479,0.0010322797793180579
726673.4,0.9800442193941095,0.000970444055025847
726673.5,0.9977999010252789,0.0011636620523672073
726673.6,1.0162826683489834,0.0010849194440427554
726673.7000000001,0.9944268281155878,0.0009408901260844444
726673.8,0.9906933814206741,0.0009263816566526257
726673.9,1.000229324398475,0.0008196184356485789
726674.0,1.00108510342138,0.0008833896871732911
726674.1,0.9951876641810368,0.0009622708256761531
726674.2000000001,0.9841648804227998,0.0010138065497556073
726674.3,0.9677097196576513,0.0011192947653653853
726674.4,1.0015661828921831,0.0007607880298553935
726674.5,1.0016909914322145,0.001050297887890534
726674.6,0.9992638699450638,0.0007047578251672745
726674.7000000001,0.9900855538275891,0.0007492408765093448
726674.8,1.0142115245740808,0.000756086365574589
726674.9,1.0142527901036316,0.0006048051970697163
726675.0,0.9866187356233841,0.0008384264475806517
726675.1,0.9951395298440375,0.0007423926065303101
726675.2000000001,1.0181048917147741,0.0007072102228685764
726675.3,0.9818690828297494,0.0008239798569683284
726675.4,0.9863602694477092,0.0008334651662434397
726675.5,0.9821939668612153,0.001030927494529021
726675.6,1.0137811267099872,0.0007544553797542184
726675.7000000001,1.003382901177126,0.0006493096893015008
726675.8,0.9910443452971066,0.0008524461801991304
726675.9,1.021854438900792,0.0007913913935807435
726676.0,1.0118817239895308,0.0008067808547664206
726676.1,0.9828197117854329,0.0007540044783705211
726676.2000000001,0.9910981674904885,0.0008125619679864823
726676.3,0.9898759638117881,0.0007375201147421002
726676.4,0.9796876933983507,0.0006108518500962922
726676.5,1.0067605614669752,0.0005164591047536652
726676.6,1.018653692063914,0.0006022483370978065
726676.7000000001,0.999379387488639,0.0008645969619490855
726676.8,1.0038849108819947,0.0010055882316522334
726676.9,0.9949838115179275,0.0005734106567985437
726677.0,0.9736537773256705,0.0006970168747804079
726677.1,1.0039774224923987,0.0007739922705700133
726677.2000000001,1.0071997310010805,0.0007148687380043742
726677.3,0.9919878777511099,0.0006679875335326896
726677.4,0.985666825139152,0.0005610996767148673
726677.5,0.9960891724175219,0.0006153713628439374
726677.6,0.9966813772763828,0.0006368102199962336
726677.7000000001,1.0281813821552634,0.0008291818601759802
726677.8,1.0055150219732505,0.0007819700143123392
726677.9,1.0091465303542329,0.0007968706386812646
726678.0,0.9928652915115159,0.00107825206083906
726678.1,1.0394696415045155,0.0010841906310680438
726678.2000000001,0.9936759355032463,0.0012033344478958414
726678.3,0.9979771823650767,0.001164752313393534
726678.4,1.0189623786519815,0.0012455121558786384
726678.5,0.9975487450562347,0.0010824342766553047
726678.6,1.0001930871621836,0.0011668078730001676
726678.7000000001,1.0181406385088587,0.001228316692348632
726678.8,0.9832558965906547,0.0012423806215696438
726678.9,0.9966626626918135,0.0011776875281629786
726679.0,1.0274180588949156,0.0011282739903355952
726679.1,1.007300402178937,0.0012171894168822247
726679.2000000001,0.9888112573551091,0.001041707101512952
726679.3,0.9944408449145893,0.0007766356033866001
726679.4,1.0159301274731134,0.0008112537698666152
726679.5,0.9998517593747674,0.0009658612619901419
726679.6,0.9853330525164725,0.0010903981132194985
726679.7000000001,1.0004337697022543,0.0011106727617942044
726679.8,1.006344789145411,0.0009531526734910844
726679.9,1.0085222076135378,0.0010624569604462187
726680.0,1.01289994942056,0.0010308112676855085
726680.1,1.0043918622220143,0.0011240838678149654
726680.2000000001,0.9951739234047643,0.001067591375377102
726680.3,1.0122204770026748,0.0010106939324030244
726680.4,1.0051586617562391,0.0008862195350637199
726680.5,1.0115708280052398,0.0007745170096592038
726680.6,0.9976339589797925,0.0008310598092649497
726680.7000000001,0.9993601178985158,0.0009904503283242065
726680.8,1.019420265899768,0.0008901830101622783
726680.9,1.0071345945345629,0.0009816298130609768
726681.0,0.9846385088517009,0.0007076589827998376
726681.1,1.013181524669908,0.000822396419310388
726681.2000000001,0.9959986045947871,0.0006398940381098055
726681.3,1.0044412652360442,0.0008239132245117186
726681.4,1.0014170251153616,0.000572907169724692
726681.5,1.009986796902354,0.00053721991485542
726681.6,1.0042359384892494,0.0008592073695805851
726681.7000000001,0.9962125882792053,0.0008257965142268848
726681.8,0.9900385760497896,0.0007342978481403874
726681.9,0.9982068248555255,0.0008578623257463854
726682.0,1.0092940749519608,0.0009635603040364009
726682.1,0.9966604675763902,0.0008843316472412759
726682.2000000001,0.9665766810336371,0.0007307844343836755
726682.3,1.0114445993927788,0.0007840975643061584
726682.4,1.0128878537292574,0.0010516987127921502
726682.5,0.9897729060211828,0.0008529064869878847
726682.6,0.9891641524428069,0.0008300083756190344
726682.7000000001,1.01489215336869,0.0007106602101731852
726682.8,0.9952463746471922,0.0009934391848341727
726682.9,0.9995160869375861,0.001080032904001331
726683.0,0.9995213444994816,0.0009217631824913958
726683.1,0.9955039751273314,0.0010522451081337568
726683.2000000001,0.9884620867736394,0.0010713121520549097
726683.3,1.0254540754581076,0.0010049072911007084
726683.4,1.0159999552098107,0.0011328218164464933
726683.5,1.0099756227780978,0.0010557486694241405
726683.6,0.9944969524181079,0.00094084381369722
726683.7000000001,1.0200468265305846,0.0009544190909117058
726683.8,1.0000958038029315,0.0009064933857775959
726683.9,0.9958764975787553,0.0006770606779724544
726684.0,1.0043343210210747,0.0007930801654427457
726684.1,1.0023209985757244,0.0010661592067139664
726684.2000000001,0.9999854846090842,0.0007236750125783055
726684.3,1.000632880414982,0.0006055130171388853
726684.4,1.0078084361635484,0.0008317658689899217
726684.5,0.9865458396492252,0.0008310209992552304
726684.6,1.0119588400546595,0.0011093486665405493
726684.7000000001,1.0065573754300567,0.0010136847947223467
726684.8,1.0037192749674064,0.0011775250407181444
726684.9,1.000514900222611,0.0009567922232906996
726685.0,0.9723759947409557,0.0010354263640237268
726685.1,1.000788532377899,0.001056380623971334
726685.2000000001,0.9973595804357692,0.0010576428249234264
726685.3,1.0027627177250251,0.0009795871954984905
726685.4,0.9843729898625925,0.0008585613067704201
726685.5,0.9983124295450835,0.0010212896297416142
726685.6,0.9932250399522851,0.000652078321645543
726685.7000000001,1.0007003108846708,0.0006131799472348581
726685.8,1.0012919384207462,0.0007569335832190584
726685.9,0.9810922620863587,0.000697081158922469
726686.0,1.0065707305801266,0.000996814483547021
726686.1,0.9807104805003116,0.0006365286889493376
726686.2000000001,1.0080217172212655,0.0008268845019177911
726686.3,0.9806591300327141,0.0007627628528887998
726686.4,1.0110961737881379,0.0008039408967147752
726686.5,0.9970745658634723,0.0007527984856199573
726686.6,1.023141795092631,0.000997607740706504
726686.7000000001,1.0110361119239184,0.0010037585056842334
726686.8,0.9845645637333179,0.0010635438833110264
726686.9,1.000242012367259,0.0011213330362508855
726687.0,1.0009736097505841,0.0008457524353514347
726687.1,0.9952311951169605,0.000814233210143723
726687.2000000001,0.9929061565732239,0.000899501251918002
726687.3,0.99309083080016,0.0009779813187654935
726687.4,0.9984079596349825,0.0008173786967726795
726687.5,0.9976481172964895,0.0007888988040252285
726687.6,1.0028859145573668,0.0011552480610593152
726687.7000000001,0.9821579757495359,0.0008435433121369226
726687.8,1.00932401274376,0.000731807234690603
726687.9,1.0202515068860172,0.0007271665594238071
726688.0,0.9985878566667615,0.0006180796705437204
726688.1,0.9872227244693365,0.0006142553331500548
726688.2000000001,1.0123439937943117,0.0008223405361206438
726688.3,0.9781019148896535,0.0005835148743040525
726688.4,0.9748098229064641,0.0006711173689784906
726688.5,1.012444366213281,0.0008160664662589743
726688.6,0.998650098649998,0.0010923625276284875
726688.7000000001,0.9859200395447123,0.000817010024903062
726688.8,0.9955726082146966,0.0008143309024440892
726688.9,1.0118150478586023,0.0007924381883273544
726689.0,1.007143625892997,0.0007702298778646557
726689.1,1.0221859326746359,0.0009145616707849996
726689.2000000001,1.004092345622015,0.0008876792852236592
726689.3,1.0090382484911369,0.0008981673316460943
726689.4,1.0119886800532638,0.0010351110321945949
726689.5,0.9976939284284645,0.0010403103213848114
726689.6,0.9964845379478956,0.0010179163779055439
726689.7000000001,0.9962694268157071,0.0010118064871925676
726689.8,1.0095066227055347,0.0012538777441522056
726689.9,1.0004318026397734,0.0012859407576870214
726690.0,0.98774937300209,0.00115198630815122
726690.1,0.9833516696225797,0.0011603613572632712
726690.2000000001,1.0005101490985326,0.0012802082472068636
726690.3,0.9904832028565317,0.0012082005522612686
726690.4,1.008927477605173,0.001110149876572008
726690.5,0.9981622328723625,0.0010325793562882375
726690.6,0.9827476464218428,0.00118031026473136
726690.7000000001,0.9888072154074548,0.0008906535602722744
726690.8,1.0067972772385683,0.001246854013000219
726690.9,1.0107757852958297,0.0013425717006201458
726691.0,1.0050149906184738,0.0013572379603513716
726691.1,0.9961096946769401,0.0013142562088044342
726691.2000000001,1.0049592538544458,0.0012599926833642451
726691.3,0.9860517678563864,0.0012068005985967556
726691.4,1.0173497624072814,0.0009426522277632884
726691.5,0.9974354774301675,0.0009523161969033227
726691.6,0.9925582174126387,0.0011397051367395682
726691.7000000001,1.0178162396832455,0.001325002198903704
726691.8,0.9876253564673833,0.0010568679134365475
726691.9,0.999626970835285,0.001028579829300742
726692.0,0.9972191496378572,0.0011084458965707144
726692.1,1.0047361246020485,0.00128733593881743
726692.2000000001,1.0070902482503816,0.0010985479336846887
726692.3,0.9965933473109578,0.001236741186233771
726692.4,0.9974560538674684,0.0011009730085752693
726692.5,0.988809018433384,0.0010947183408941328
726692.6,1.0041654687942771,0.0011251680756784452
726692.7000000001,0.9785361590553641,0.001041526117408919
726692.8,1.0098808993418338,0.0011083421197461815
726692.9,1.016622605791504,0.0008579813460257901
726693.0,0.9956937810784557,0.001271521967901568
726693.1,1.0089866764141184,0.0011674910500511597
726693.2000000001,1.007881087800225,0.0011861988236137179
726693.3,0.9947083439512636,0.001074872627813661
726693.4,0.9941798690526104,0.001120512783090996
726693.5,0.9773926589006308,0.0011548806337603674
726693.6,0.988770683678853,0.0010304999442991593
726693.7000000001,0.9941228780907182,0.0010991001225567332
726693.8,1.0067464524975513,0.0010951074824963143
726693.9,1.016315698546029,0.0011168681453332732
726694.0,1.0091033718336486,0.0008989346096842338
726694.1,0.9781996081736386,0.0009068555385852786
726694.2000000001,1.001032685993843,0.0007987338789350561
726694.3,0.9779366839260224,0.0008638698173874996
726694.4,0.9759373345649515,0.0009170841802161019
726694.5,0.9966778349491793,0.000805448197583536
726694.6,1.0085464073957806,0.0010668217387226659
726694.7000000001,0.9867125758940262,0.0009587144151426886
726694.8,0.9998416671180447,0.00078671848288569
726694.9,0.9917812375782565,0.000750657387095525
726695.0,0.9968955898394137,0.0009142513366238098
726695.1,1.0117436430198141,0.0008688892629948509
726695.2000000001,1.0201795567822125,0.0007028410825290426
726695.3,1.0184035210383513,0.0010157655989720263
726695.4,0.9869841375588329,0.0007811982764607085
726695.5,0.9983810872851009,0.0009307868149271711
726695.6,1.0264540430363742,0.0006972807405146158
726695.7000000001,0.9806264124564406,0.0006677034596437518
726695.8,0.9983729796114829,0.0009321057846163447
726695.9,0.9952046366689508,0.0008171903094715522
726696.0,1.017907206663931,0.0007298084044608514
726696.1,0.9993084585049846,0.000726993896400554
726696.2000000001,0.9881325083371384,0.0006391276188772563
726696.3,0.9810539934828441,0.0008732581162756049
726696.4,1.0070081694831476,0.0009908790315917915
726696.5,0.9985176519695196,0.0008050405612882433
726696.6,1.0211229480791155,0.001193963315403063
726696.7000000001,1.003010554962463,0.0007136743780159896
726696.8,1.0065695085608315,0.0006510865602716809
726696.9,0.9820770465057956,0.0011968899354663906
726697.0,0.9963920799067726,0.0010377408663516455
726697.1,1.0172485956034016,0.0010284752698329392
726697.2000000001,1.0092284614056577,0.0010054337790505105
726697.3,0.9853442990665866,0.0009329878077335969
726697.4,1.0084370151923865,0.0010428715756774076
726697.5,1.0000043027645897,0.000843136631331147
726697.6,1.0152323860392476,0.0010146173014639404
726697.7000000001,0.9869641854855459,0.0010669564003246302
726697.8,1.0103259558519881,0.0011697722913211017
726697.9,1.0008687881600715,0.0008319195845302063
726698.0,1.0307355947264643,0.0009031076136087707
726698.1,1.0109215682783048,0.0010116582693901447
726698.2000000001,1.008834876651008,0.0010015623710783851
726698.3,1.0068319589246153,0.0009602971703814082
726698.4,1.00133536062424,0.0010080711692764899
726698.5,0.9795281684130723,0.0010081181499154012
726698.6,0.9867858267401908,0.0009296366724991464
726698.7000000001,0.9921502194425833,0.0008341082809921109
726698.8,1.0133207868675127,0.001018135458926819
726698.9,1.0116332907383006,0.0011990342935526196
726699.0,1.0097421477394322,0.0010072631659229705
726699.1,1.0055473259937995,0.0012879366050212954
726699.2000000001,1.0064460456563957,0.0012325281551317333
726699.3,1.0174455276176118,0.0012991121873876343
726699.4,0.9900567883613074,0.0010035666740205661
726699.5,1.005998178737701,0.0010780116616584121
726699.6,0.9946781392773952,0.0010248881970088251
726699.7000000001,1.0102468965557472,0.0010734694691731145
726699.8,0.9851360720883613,0.0009749260672555302
726699.9,1.0049926656449353,0.0010562018294021074
726700.0,1.0122646844693448,0.001180469909214088
726800.0,0.9901707123648483,0.0008007299230809007
726900.0,0.994774108375061,0.0010539915543305272
727000.0,0.9944760225541305,0.0010200936405514395
727100.0,0.9962116417944379,0.000915749382520076
727200.0,1.0105654134861877,0.0007679881671110698
727300.0,0.9857100853719585,0.0010347765471646617
727400.0,0.9877500469260625,0.0008629460547194678
727500.0,0.979217486627615,0.0006942995860626288
727600.0,1.0030181400909564,0.0009797594183883146
727700.0,0.9979380868098539,0.0010963146434339278
727800.0,0.9927479358019382,0.0009772925546912418
727900.0,1.0138520371717303,0.0009183676199476327
728000.0,0.9997047771139909,0.0008592928408828887
728100.0,0.9984010217362437,0.001110383874525774
728200.0,1.0145286209723414,0.0008906178760824795
728300.0,0.9881344560954426,0.0008684047167085992
728400.0,1.0032601261557867,0.0007384418695721267
728500.0,1.0361181524774004,0.0009271902577247446
728600.0,1.005343334147653,0.0009533697353066258
728700.0,0.9947761547692534,0.0010308510708291125
728800.0,1.0070951832917927,0.0013545827002168322
728900.0,1.0079736848782526,0.0012359797759093447
729000.0,1.0006323322199457,0.0008153240599833924
729100.0,0.9836379616817988,0.0009717325511384657
729200.0,0.9859360874308677,0.0009847126828015718
729300.0,1.0093136435406642,0.00047195523935854473
729400.0,0.9878131265861433,0.0009424836706825916
729500.0,1.0013969124931035,0.0006838909609588128
729600.0,0.997719573074202,0.0007608849684714774
729700.0,0.9985825979804038,0.0008764377582664139
729800.0,0.9975123623487888,0.0010454945808995924
729900.0,0.9985529157564282,0.000682387725847723
730000.0,0.9856180994656626,0.0007194538084761669
730100.0,1.0163055294809518,0.0009790326129251808
730200.0,1.010681924004139,0.0007301164522612097
730300.0,1.0129459923624726,0.001289842347635855
730400.0,0.9863254437331028,0.0010585128968538316
730500.0,1.0145537380400722,0.0008812801250114742
730600.0,1.0076574300910406,0.0007813259792932773
730700.0,0.9824919631297917,0.0009320089957127904
730800.0,0.9871844982963894,0.0009595755677870983
730900.0,1.0030469828791408,0.0009772680838471277
731000.0,0.9879723184936373,0.0007609947086076966
731100.0,0.9912984484482299,0.0008422102660022736
731200.0,0.9814076366628606,0.000950454835035379
731300.0,0.9720067729123912,0.0011376100184063475
731400.0,1.0013865397826824,0.0009546791793147597
731500.0,0.999527512055808,0.0010031573802761593
731600.0,1.0229736639800684,0.0010626553197192658
731700.0,0.9903638180172529,0.0010296385350331912
731800.0,0.9936598035265836,0.0008426442917042151
731900.0,0.9845141646885527,0.000964086087148577
732000.0,1.010054005833867,0.0008997531222535965
732100.0,1.002526341983558,0.0010474339025583837
732200.0,1.0033391156263283,0.0005667853102759306
732300.0,1.002039942814976,0.0007571147083749083
732400.0,1.00783536278437,0.0006311848463542129
732500.0,1.0088198699618347,0.0010495906456550563
732600.0,0.9985905541722186,0.0006897047896219227
732700.0,0.9911347791724923,0.0009696848549162045
732800.0,0.9760875208538132,0.000712975225460457
732900.0,0.9783540118707735,0.0007826875008892214
733000.0,1.0075154280438472,0.0007433946369179934
733100.0,0.9947127852686186,0.000998561284133518
733200.0,0.9916776054390208,0.0009036414991517311
733300.0,0.9783639444124186,0.001004057755956874
733400.0,1.0096639363437174,0.0007979414664570047
733500.0,0.9883965605391722,0.0009328699864262983
733600.0,1.0153602143313694,0.0014966066461537062
733700.0,1.0169049360582165,0.0008858881718513126
733800.0,0.998983649034444,0.0011111170212214452
733900.0,1.0180462907356918,0.0010482388384079329
734000.0,0.995213491531209,0.000989841045779745
734100.0,0.9996834298672083,0.0005655813248060591
734200.0,0.9904930492390001,0.0005242239104491301
734300.0,1.0039850705565172,0.001002544308087313
734400.0,1.0098756932696444,0.0009769399624824475
734500.0,0.981402435465535,0.0010048891687586335
734600.0,1.0019615237360249,0.0008050862478484839
734700.0,1.000895784901283,0.0012454207241777804
734800.0,0.9972143815401259,0.000856359456043585
734900.0,1.0042767706536262,0.0010862764771745247
735000.0,1.0087627301322664,0.0008345007066716553
735100.0,1.0131329022593851,0.0009461003392466876
735200.0,0.9728074080559707,0.00073442667965865
735300.0,0.9816002184662634,0.0010733457544025002
735400.0,1.002058429228703,0.0008039344459741232
735500.0,1.0015221502981824,0.0012981363128942431
735600.0,0.9865171979930089,0.0007559732826032495
735700.0,0.9954714932472672,0.001193578326091433
735800.0,0.988406532380577,0.0010715752628450519
735900.0,0.9821014306741143,0.0007801744119576161
736000.0,0.9924488436068228,0.0010776034471526909
736100.0,1.0142839691162868,0.0012384843186376883
736200.0,0.9869380233487741,0.0009385421645836952
736300.0,0.9904091844077589,0.0009010624913333506
736400.0,0.9947418047708475,0.0011244519212799337
736500.0,0.9988140761225439,0.0006239465789009489
736600.0,1.004921666637357,0.0009419629466101699
736700.0,1.0124077940252059,0.001016981824343087
736800.0,0.9802810465785134,0.001043562572044999
736900.0,0.9946437807511941,0.001145812901609168
737000.0,0.9830925830541264,0.0011030104020695126
737100.0,0.9827496927503726,0.000959812720889727
737200.0,0.9892165864168085,0.001109489703459769
737300.0,1.0107818239058433,0.0012043182509770235
737400.0,1.0231790173493633,0.0008490676284062151
737500.0,1.000196591861773,0.0013266519017456368
737600.0,1.0090632684123355,0.0012372047060406313
737700.0,1.0113952670322122,0.0007455964391864714
737800.0,1.009702762866134,0.0010079919877244966
737900.0,0.9974386456091944,0.0009355354381485157
738000.0,0.9971029353293637,0.0008983500388093681
738100.0,1.0144775944771316,0.0008328876142193695
738200.0,0.987875091241265,0.0010545216168039641
738300.0,0.9817753809443881,0.00036387311322830766
738400.0,1.007380223148449,0.0008364158970937434
738500.0,1.0034674238076011,0.0010591699207656675
738600.0,0.9985842500189955,0.0012552109015395811
738700.0,1.0017059709756488,0.00094738167074046
738800.0,0.9990628753555989,0.0008044646109475914
738900.0,1.0025546730558539,0.0011190123974442465
739000.0,0.9766358631735511,0.0010777637714095157
739100.0,0.9956223902596163,0.0009224515925450225
739200.0,1.0200325364943124,0.0012261372198745719
739300.0,0.9968803780705291,0.0009966903208197318
739400.0,1.0116378685001153,0.0010412514388591378
739500.0,1.0186857843667247,0.0006907458728657977
739600.0,1.0217607662036166,0.001036397623950008
739700.0,1.0003967491319883,0.001034718949643916
739800.0,1.0146145981399244,0.0013572535997370295
739900.0,0.9983013338532923,0.0009052521893817715
740000.0,0.9812544104747913,0.0009160110031480665
740100.0,1.0135317048074006,0.0010226526760303391
740200.0,0.9882796950612089,0.0009166710660141005
740300.0,1.0153343170585125,0.0010816511177991965
740400.0,0.9779319526892053,0.0012161019223639543
740500.0,1.0000447259182592,0.0007405602299585683
740600.0,1.0056354809992893,0.0013237403558936695
740700.0,0.9884050245970555,0.0006353490991051739
740800.0,1.005712130569676,0.001051696332356483
740900.0,1.0104295610099634,0.0009903831626968337
741000.0,0.9987023640520198,0.001169456916278433
741100.0,1.018733143954703,0.0009621295296610875
741200.0,0.9858427277709877,0.0009170615204725848
741300.0,1.0005861457380711,0.0008932513515296246
741400.0,0.9809494626216126,0.0008625897273077498
741500.0,0.9922311765299988,0.0007032438786509135
741600.0,0.9914469976282508,0.000908617356538306
741700.0,1.005417385481494,0.00047185546852700254
741800.0,1.0081062145956483,0.00039358644574404196
741900.0,0.9824536084175408,0.0008797862511489939
742000.0,0.9951968599028547,0.0008939692529325589
742100.0,1.0065157406546816,0.0007670665703805581
742200.0,0.9840958716852631,0.00064785689992249
742300.0,0.9949803336849741,0.0009786044698677579
742400.0,0.9977411123178309,0.0009265710581053185
742500.0,0.992225937632232,0.0008905192101861926
742600.0,1.0039892736666893,0.0008694622600309151
742700.0,1.0105764398555535,0.0010325308464478235
742800.0,1.009043739773221,0.000764276333301032
742900.0,1.0152610042254893,0.0010763557354954707
743000.0,0.994968578676251,0.001043056373510582
743100.0,0.9990055027149172,0.0008614694583557169
743200.0,0.9898412896399494,0.0009525626253541169
743300.0,0.9966003889222138,0.0008270921843751872
743400.0,0.9999179772024797,0.0010380587093126684
743500.0,1.0031246227609003,0.0009145559056501576
743600.0,0.9753621035341119,0.0009441739370872574
743700.0,0.9870115456848613,0.001032659480382275
743800.0,0.9844243868195118,0.0009710714488657688
743900.0,0.9944458190218984,0.0008919016419240428
744000.0,0.9861480300841001,0.0010696817254942778
744100.0,1.0109045916661727,0.0010946333526711783
744200.0,0.9958027206970687,0.0007810140932604198
744300.0,0.9904962985899883,0.0006736283741002613
744400.0,0.991978963310253,0.0008029199896777768
744500.0,0.9969781914879405,0.0011410683229962273
744600.0,1.0060292613677624,0.0009440964808956457
744700.0,1.016048278824323,0.001198157885838591
744800.0,1.0038671726133643,0.0007938274939056068
744900.0,1.0017758149330427,0.0010004940692603357
745000.0,0.9852867957042312,0.0008647670235508775
745100.0,0.99989304071514,0.0008824617871146644
745200.0,1.0095860973660316,0.0007720401417223544
745300.0,1.0074077493092426,0.0009137311710125421
745400.0,0.9940552407583524,0.0012976004794819456
745500.0,1.0081784075344615,0.000994648984516959
745600.0,1.0387701815311574,0.0009980012410739632
745700.0,0.9773820805751944,0.0006016674372248542
745800.0,1.0115363561757877,0.0009919859712267994
745900.0,1.0165344920756991,0.000953700038249548
746000.0,0.9982874340413127,0.0007589532018385755
746100.0,1.003031905010349,0.0009370160403769502
746200.0,0.9960855845980708,0.000732406336650731
746300.0,1.008584385608763,0.0007272961095358568
746400.0,1.0022284467678473,0.0007858510465591834
746500.0,1.016747626567706,0.0010725341132087794
746600.0,1.0095084619532264,0.0010787498407249091
746700.0,1.0224987467394193,0.0009741362534149549
746800.0,0.9906512603401955,0.0009877614934234123
746900.0,0.9744484292957853,0.0006446226828461424
747000.0,1.0020641329667597,0.0011264880254448755
747100.0,0.9888793930562406,0.0010528204881045762
747200.0,1.0022976629080955,0.0012933058365969868
747300.0,1.0055976211697324,0.0011655881133611045
747400.0,0.9893948173486253,0.0011696728496345423
747500.0,1.0084287305020572,0.0010489976040361096
747600.0,0.9994686910589049,0.0010443455698237935
747700.0,0.996620796125796,0.0009751658508471977
747800.0,0.990799809385803,0.0009499962455061043
747900.0,0.9932687884785008,0.0008995184409103989
748000.0,0.9951985236985174,0.0011044737185433066
748100.0,0.9874944965070884,0.0007235212687167779
748200.0,0.9766162274642761,0.0010802517586811495
748300.0,1.0036732066784788,0.0006843405304391548
748400.0,0.9990788013345537,0.0008313477295523553
748500.0,1.0057243171171377,0.0010949980553449541
748600.0,0.9953798763017407,0.0007330489249253999
748700.0,0.9890867726608287,0.001053739189090643
748800.0,1.013484926959646,0.0008784981398968688
748900.0,0.9912463570705909,0.0007845802826902953
749000.0,0.9988265989553501,0.0010604119679512108
749100.0,1.0070746876118153,0.0010553515893509142
749200.0,0.9965512731047301,0.0010303535193636624
749300.0,0.9957770732129833,0.0006742759150015259
749400.0,1.0116601137496382,0.00084786944291259
749500.0,1.0129186615692745,0.0008455790172924541
749600.0,1.0115417499208461,0.0007329998763148832
749700.0,0.9820086791771646,0.0007884714707416812
749800.0,1.0068214977592538,0.0007714381318416444
749900.0,0.9939537706126794,0.0007130794010943243
750000.0,1.0125433420242917,0.001050750799966616
750100.0,1.0080291833787327,0.0005893803085948045
750200.0,1.0036825612237283,0.0008218976813582094
750300.0,0.9742267392612879,0.0010166834086151682
750400.0,0.9988807275237411,0.0011003266422941883
750500.0,1.0037044586935846,0.0007653293496652043
750600.0,1.0109543975442037,0.0007879871918973559
750700.0,0.9944247116501734,0.0006473440921756606
750800.0,1.0178128995259503,0.001104350094669232
750900.0,1.003295458121675,0.0008281892164709301
751000.0,0.9910330443594986,0.0009383507473737887
751100.0,1.0029299144961539,0.001109378674080547
751200.0,0.9963789533814358,0.0008143018897838166
751300.0,1.009756538877038,0.0010955160798153708
751400.0,1.0256487517545458,0.001337339506929837
751500.0,0.9859010151346377,0.0010577302601391548
751600.0,0.9912503178716442,0.0010939902535313495
751700.0,1.0020953242547948,0.0010283414777107049
751800.0,0.9902177978300146,0.0007537699838107706
751900.0,0.995606404251532,0.0009621427080949338
752000.0,0.9932515180421253,0.0005791446734043078
752100.0,1.000802096787078,0.0008001707481457164
752200.0,0.9972786018133021,0.0010246406483874866
752300.0,1.0127048433038623,0.000796984829971621
752400.0,1.0008281553690002,0.001215490318543998
752500.0,0.9954286978987881,0.0008070035486927129
752600.0,1.0003623697348447,0.000958562462167379
752700.0,1.0051634546162658,0.000746739032665195
752800.0,1.0250937394777986,0.001037102266500418
752900.0,0.9854194412518008,0.0005451330537623632
753000.0,0.9840533139043888,0.0009483948541100577
753100.0,1.0003333622141357,0.0007718293506153494
753200.0,1.01506185853375,0.001176545132168156
753300.0,0.9957400603113368,0.001150434624721294
753400.0,0.9967798575542041,0.000836318427726905
753500.0,1.0016141565567955,0.0009748779350934989
753600.0,1.0121657041190961,0.0005220088923423819
753700.0,0.9920013049174323,0.0006381839446671184
753800.0,0.9961790330435744,0.0011210947926149901
753900.0,0.9760250970350578,0.0008485495595507453
754000.0,0.9930181481005294,0.0010715286882990763
754100.0,0.9933060445153588,0.0008860805224982064
754200.0,1.0099004027354612,0.0008533311835110509
754300.0,1.0063035857383236,0.0011561284427843834
754400.0,1.0048325009179946,0.0010118663446355486
754500.0,1.0092801462039769,0.000943543162085294
754600.0,1.0033708690228997,0.0009145397945726776
754700.0,0.9810371723556054,0.0010712346668628793
754800.0,1.0045023464115816,0.00044380123716869036
754900.0,1.0143232727611762,0.0010228302895480357
755000.0,1.0134182172599535,0.0009745451896237011
755100.0,1.0060418872883141,0.0008312820867250943
755200.0,1.0172674903376555,0.0008005471054738262
755300.0,1.0228249933637539,0.0013603256805591233
755400.0,0.9937079218498234,0.0010242589205239046
755500.0,0.9861416677285278,0.0011618291708903712
755600.0,0.9921426480319765,0.0010575489209713779
755700.0,1.0074105675953275,0.0010750011186428847
755800.0,1.0144598419141886,0.0007058495380122024
755900.0,1.0032995136443696,0.0008414268164479945
756000.0,0.9999444275596372,0.0009595456051422987
756100.0,0.9851310702484147,0.0006644943408519515
756200.0,1.0031036143550007,0.0009348341373042864
756300.0,1.0010138853043093,0.0009271612497990247
756400.0,0.981286506311784,0.0010576921640656617
756500.0,0.9963057987182082,0.0012969713436659321
756600.0,0.9766087345991682,0.0012159182853229786
756700.0,1.006272327538729,0.0009805076140359484
756800.0,1.0015271501874854,0.0008293961252606815
756900.0,0.994261448839,0.0008025560693181687
757000.0,0.9981724236579733,0.0007907512306746957
757100.0,0.9889879307456604,0.0005549876304485762
757200.0,1.0305085013155921,0.0009807409041515394
757300.0,0.9974781474580172,0.0008674951104496898
757400.0,0.9914968584269176,0.0007931343052524114
757500.0,0.9820086164778312,0.000947625630268158
757600.0,1.0030475572943522,0.0007479169513880197
757700.0,0.9922129452338847,0.0006400975766600082
757800.0,1.0108687505438945,0.0009193867411319051
757900.0,1.012839899969154,0.000797327705631241
758000.0,0.9940836039010497,0.0011332952600019153
758100.0,0.9966359863928963,0.0009968446231932008
758200.0,0.9935537116068652,0.0009582453973410709
758300.0,1.0066510206278194,0.001182377092894626
758400.0,1.0023264301224253,0.0010711192926955797
758500.0,1.0100292101077062,0.0009571772132450948
758600.0,1.0045340755036516,0.0005133710813970297
758700.0,1.017367070229585,0.001116677139564105
758800.0,0.9755865200579629,0.0008867874924345444
758900.0,1.0039558501715249,0.0011048515918334226
759000.0,0.9831297530963191,0.001016940832069637
759100.0,1.0089863804737724,0.0006921626651437851
759200.0,0.983109604555418,0.0010075471440404876
759300.0,1.007883532206179,0.00041492947638574896
759400.0,1.0242473265947631,0.0007265047590017777
759500.0,0.990380345946686,0.001003222064982136
759600.0,1.0040442302924377,0.000551927217545151
759700.0,0.9837124578513229,0.0010407645462043836
759800.0,0.9965585109885399,0.0006154153591040732
759900.0,1.0039673530833122,0.0009207519562238669
760000.0,1.0033900532460758,0.0010888346402373687
760100.0,0.9946526570820777,0.0006979769270317206
760200.0,1.0010314553273936,0.0009473312560276881
760300.0,0.996534393447278,0.0013566731819522923
760400.0,0.9950067626602519,0.0008351335068237267
760500.0,1.0012906089691624,0.0005780311684917928
760600.0,1.0022805819341547,0.0009848494347827733
760700.0,0.9950696797971961,0.0007151140254663953
760800.0,0.9811077097195824,0.0007768413968468077
760900.0,0.9916129155591499,0.000774434333908158
761000.0,0.9774173501251896,0.0008961714506724804
761100.0,1.0138812494345617,0.000852773694209177
761200.0,0.9905482434657474,0.0009601402468211647
761300.0,1.0127777604415764,0.0008789400522976625
761400.0,1.019180470387926,0.0009959027418081688
761500.0,1.0047643696562942,0.0005325282803397393
761600.0,0.9995649552566774,0.0007341626689965992
761700.0,0.992429851020428,0.0011499985803957048
761800.0,0.9984926896738705,0.0007141517067294043
761900.0,0.9942910090248236,0.0010698943107075355
762000.0,0.9908017175215843,0.0011317412473774231
762100.0,1.005243931468996,0.0009548790082196296
762200.0,0.995918033235803,0.0010016268634046306
762300.0,1.0056090295472444,0.0009770311995178894
762400.0,1.0127663936847047,0.0009163747195880947
762500.0,0.9921983481231231,0.0007885408148501923
762600.0,1.0016646753761842,0.0010030216668672684
762700.0,1.0020792983035038,0.000988238727884598
762800.0,0.9931446098316774,0.0007600902964296131
762900.0,1.0116108537767705,0.0011528993932411983
763000.0,0.9989265244186565,0.0011263791556578061
763100.0,0.9972129752416428,0.0008421212077898691
763200.0,0.9859298803759053,0.0009665761951644888
763300.0,1.0134660540195843,0.0007462523362233867
763400.0,1.0070930136074834,0.0010212842309932435
763500.0,0.9987716554804211,0.0008733793300039167
763600.0,0.9892423325631334,0.0008413679010786224
763700.0,0.9798193929401254,0.0009476991247857313
763800.0,0.9933010044754876,0.0008801373934289512
763900.0,0.9883813259005176,0.0011830136673643586
764000.0,1.01194197625968,0.0011286525050551467
764100.0,0.986942818596876,0.000681405860982143
764200.0,0.9916915906387878,0.0008484533022675722
764300.0,0.9915640376070235,0.0008500493540619795
764400.0,0.9796755609580746,0.0007670411760591007
764500.0,0.9961669448364571,0.0008221976071183028
764600.0,0.9906027314971708,0.000828548119743533
764700.0,0.9980455108808599,0.0007758911725154568
764800.0,0.9834499607893253,0.0005819308550351315
764900.0,1.012508929652827,0.0006936596027422184
765000.0,1.011294171244177,0.0007833238970338919
765100.0,1.0104883305044339,0.001062344795341053
765200.0,1.0178915955279433,0.0010328511674076908
765300.0,1.0000437503582154,0.0007012084937985637
765400.0,1.0077984368535928,0.0011248043818158607
765500.0,0.989347159677245,0.0008398294458149759
765600.0,1.0026726228440703,0.0009142062275547909
765700.0,1.0066169800850207,0.0010008171154516838
765800.0,0.9997189691888497,0.0010016255478166773
765900.0,1.0011742818417393,0.0011120242893039299
766000.0,0.9928223097261676,0.0008681830707620333
766100.0,0.9914687396887721,0.0007517065998707989
766200.0,1.0254798763364366,0.0011866273202049788
766300.0,0.9943337916569377,0.0010988263617986672
766400.0,0.9989184738738928,0.0009280129934070541
766500.0,0.9776920045350413,0.0007446739970443833
766600.0,0.9888242560588594,0.0008043515170423783
766700.0,0.9846454670321068,0.0006133615312337629
766800.0,1.031537924694989,0.0011372549339803602
766900.0,0.9962322281787047,0.001119503607543226
767000.0,1.008792091502781,0.0008615357259881193
767100.0,0.9968995422757083,0.0012014576289991804
767200.0,0.9900914365443924,0.0012880085265708472
767300.0,0.9937263767315289,0.0010678606279605812
767400.0,1.000294180167884,0.0005755513424641975
767500.0,1.0068090693549918,0.001117732285234703
767600.0,0.9796341514047107,0.0009544698563726927
767700.0,0.9970897934046353,0.0006632751356565017
767800.0,1.009874652391679,0.0015082503280951557
767900.0,0.996137730885343,0.0012607867658806988
768000.0,1.0155113395088056,0.0008885110520885224
768100.0,1.0156050384399984,0.0013362127004077427
768200.0,1.0091163982067777,0.000770385067232344
768300.0,1.0173027746637646,0.0008613201902285862
768400.0,1.0178074640159107,0.0011705520284222253
768500.0,0.9943019400931378,0.0006854132402793412
768600.0,0.9750206463024468,0.001145743365698947
768700.0,0.9954173122698723,0.0009575599714949265
768800.0,0.979370477097545,0.001057824628920482
768900.0,1.0086967212994886,0.000922265677279482
769000.0,0.9887142395221067,0.0006850594333082682
769100.0,0.9771406300193184,0.0009561198816922355
769200.0,1.0159613324900156,0.0011504407311913112
769300.0,0.9896678985025934,0.0012361620136141114
769400.0,0.9940881045995853,0.0009964175224186527
769500.0,0.9915133256819973,0.0010432700915501095
769600.0,1.003362720294963,0.0010909256317448268
769700.0,1.0019025715875125,0.0008647499931447261
769800.0,0.9962124939718459,0.0008043822078154088
769900.0,0.9984256331401907,0.0009608167092146571
770000.0,1.0104446975767478,0.0006316536514636583
770100.0,0.9703458576422329,0.0008681555320355572
770200.0,1.0120857598475512,0.0011436672329291286
770300.0,1.0079645524195637,0.001236896947792376
770400.0,1.012189335309391,0.001043052829279993
770500.0,0.999085044460198,0.000996296623957793
770600.0,1.000942110055865,0.0009310250380421999
770700.0,1.0044055149115048,0.0012191001718604166
770800.0,0.9859371366725441,0.001004675751588649
770900.0,1.0101277024183528,0.0009493129180720984
771000.0,0.9995691812242724,0.00125263126749088
771100.0,0.9926928974910678,0.00061851788869953
771200.0,1.005784877924351,0.0010968100477111394
771300.0,0.9757456421631567,0.0010959153037589995
771400.0,1.0161564297037886,0.0009827303858151763
771500.0,0.9640206506857723,0.0010211381683631067
771600.0,1.0029874373671355,0.0008757732227074509
771700.0,1.0034456610895857,0.0009514522104859729
771800.0,0.9938794411685691,0.0008923901432273075
771900.0,1.0004821933928087,0.000974275411567593
772000.0,1.0042225219773424,0.0009277692202013717
772100.0,1.0112773623744842,0.000682394562030827
772200.0,0.9863094335352548,0.0006081698953456792
772300.0,1.0174528553342375,0.0010599557287018205
772400.0,0.987318482039505,0.0012782164952033464
772500.0,0.9980700370987581,0.0008757885202806822
772600.0,1.0125413717630851,0.0008801796205468999
772700.0,1.0071837712735368,0.0010267862605667128
772800.0,1.0053827721930357,0.0010721338029076144
772900.0,1.016119495086475,0.0008807666881224854
773000.0,0.9907984482877464,0.0008347592960677223
773100.0,0.9918749910109196,0.001039998171693677
773200.0,0.9968960159960558,0.0009719093247012059
773300.0,0.9902661539450675,0.0008945972024208186
773400.0,0.996643940337143,0.0007364371968428263
773500.0,0.996151318554944,0.001007720380546589
773600.0,0.9913609021645001,0.0006167250814895595
773700.0,0.9998027299340042,0.0008512090549310435
773800.0,0.991884410320546,0.0008515378255530308
773900.0,1.003369476693954,0.0007035091783933575
774000.0,1.0174761646590567,0.000693140569599104
774100.0,1.0147617965023166,0.0010129782563044548
774200.0,1.0000482093127625,0.0008811820115586637
774300.0,0.9987753941576379,0.0010739347334794266
774400.0,1.0150698386120123,0.0007088895832349946
774500.0,1.005021286658165,0.0007707919531111105
774600.0,0.9941063169145383,0.0005486902108151929
774700.0,0.9609566305471174,0.0010474257930218592
774800.0,1.0159252122902924,0.00106042073689567
774900.0,0.9754013590605741,0.0007919800470725525
775000.0,0.9822060599196476,0.0008990055923421941
775100.0,1.0120143366597363,0.0008157538961385446
775200.0,0.9852905072168306,0.001143010439604093
775300.0,1.0048421441371678,0.0010993357559270303
775400.0,0.9904893728894305,0.0009782623122462839
775500.0,1.0090913868947742,0.0007873257637536674
775600.0,0.9776545548665322,0.0008998578211478241
775700.0,0.9857613111790323,0.0007958017276533113
775800.0,1.0008459642993206,0.0008722250426899228
775900.0,0.9729969800660002,0.001023273123681398
776000.0,1.0113527346457203,0.0009244187329536779
776100.0,0.9900334156338026,0.0007714933179343754
776200.0,0.9948438649654436,0.0010836853985746015
776300.0,0.9994864220606899,0.001015601755164765
776400.0,0.9993641734925685,0.0010547318500559314
776500.0,1.022500325189129,0.0012496061662542759
776600.0,0.9827353566743553,0.0006904491201062968
776700.0,1.0327015875059655,0.0009544646062780352
776800.0,0.9977434439996734,0.0010922292719371543
776900.0,0.9999392864752346,0.0007365890059830505
777000.0,1.0078324401947496,0.0009551359201580634
777100.0,1.0098181635746408,0.0008177297318170564
777200.0,0.9933620011407822,0.0010206972646988226
777300.0,1.0004969914632824,0.0009203233308768699
777400.0,1.0028387830290508,0.0008741367030272618
777500.0,1.0030249872305108,0.0007674875136352799
777600.0,0.9998422350260229,0.001028116976742376
777700.0,0.9901408630194911,0.0007027461790374092
777800.0,1.0142727043899646,0.0011983039001524003
777900.0,0.9967399671279434,0.0010813489482936521
778000.0,1.0072676219034349,0.0009337923955885078
778100.0,0.9887338094433942,0.0007247001241363389
778200.0,1.0007450306296537,0.0007059559480385195
778300.0,0.9886192983738474,0.0008635493785781908
778400.0,1.0147659109458047,0.0009752599427893258
778500.0,1.0051077484674358,0.0011701042739094027
778600.0,1.0009006321488352,0.0009660002448439886
778700.0,1.003477480147032,0.0008624304926605489
778800.0,0.9886504530892655,0.0008362946286842264
778900.0,1.0070323919285893,0.0007967300765392849
779000.0,0.9992224558778625,0.0007312994226430393
779100.0,0.9995459847549125,0.0009242704821058022
779200.0,0.9856862335459665,0.0004460135689674703
779300.0,0.9985804462751297,0.0005499598657121254
779400.0,1.010020774449577,0.0007886320311952658
779500.0,1.0055487443808964,0.0013296486080902421
779600.0,1.0142058324138032,0.0010186713876505727
779700.0,0.9908145193002493,0.0007322027306586318
779800.0,0.9927640303045678,0.000907386653678205
779900.0,0.9780659232185712,0.0008983922181651506
780000.0,0.9927758639634456,0.0010223013994242758
780100.0,1.0086845766169639,0.001216571836491998
780200.0,1.0201325087133766,0.0007314593953266548
780300.0,0.9791855189771299,0.0009257091459252281
780400.0,0.9930402506524298,0.000789103618591952
780500.0,0.9994198489309493,0.0007963942297241545
780600.0,0.9880274473722479,0.0008987400264668838
780700.0,0.9742032583902684,0.0008548327677939115
780800.0,0.9946445139115065,0.0008406758180541656
780900.0,1.0033836854443026,0.00118189367121874
781000.0,0.9752254758997093,0.0006269385675857437
781100.0,0.9879844709640383,0.001043546581513939
781200.0,1.021232409619364,0.0008736510991516103
781300.0,0.9971835159495708,0.0010436088009583512
781400.0,1.0185241774319616,0.001222560932039449
781500.0,0.9928827012349386,0.0009344237299168867
781600.0,0.9762293793511124,0.0008693014473570304
781700.0,1.0172854750282663,0.0010533841945170057
781800.0,1.018322684225725,0.0011166161979905874
781900.0,0.9846130857809411,0.0005266764039271025
782000.0,0.9894816315884879,0.0009069060374016124
782100.0,1.0082178973585454,0.0011013980173707686
782200.0,1.0037798378283327,0.000776123993248308
782300.0,1.008196631491003,0.0009732335098350293
782400.0,0.996047226212331,0.0009212246142005396
782500.0,1.0121394856444061,0.0009300815728222354
782600.0,1.0158156007645118,0.0008911039593504196
782700.0,0.999715990016112,0.001043837808821091
782800.0,0.9699899442238867,0.0008147797368412753
782900.0,1.0095722048357474,0.0007376716874387764
783000.0,1.00282323243594,0.00138245628759794
783100.0,1.0095436368960513,0.0007484020246589867
783200.0,0.9775055046234832,0.0009697685320460605
783300.0,0.9945637565569945,0.000904870159323938
783400.0,1.01028957128703,0.0011163272875353836
783500.0,1.0017947699888268,0.0009305000566813299
783600.0,0.991179345179652,0.0009182461985899207
783700.0,0.9941522598721657,0.0008792886638173731
783800.0,0.9960487353833658,0.0012367776170273555
783900.0,1.0196011783172796,0.0009788447442675514
784000.0,0.9862085723933207,0.0008187315553637338
784100.0,1.0072250753379808,0.0010957918424954595
784200.0,0.9916191375691742,0.0007242263640383993
784300.0,1.0119051028655917,0.0010600399168016197
784400.0,0.9929441667378144,0.0011422498366193384
784500.0,0.9972495826251122,0.0006264071431674002
784600.0,1.0116367734115346,0.0008724574809996912
784700.0,1.0098693923653481,0.0004910622067257558
784800.0,1.0194541982865652,0.001043679385939021
784900.0,0.9888757565954878,0.001116130599640201
785000.0,1.0062293902791224,0.000936660984446994
785100.0,1.0156388819441458,0.0008270580378480723
785200.0,1.0104997392037334,0.0008860535137402736
785300.0,0.9932176528552285,0.0010955273774827601
785400.0,1.0004633259372573,0.0009463203954844381
785500.0,1.0185571571989334,0.0010916414718834591
785600.0,0.9739158556077359,0.0006880059873345053
785700.0,1.015519253502919,0.0008807746827216411
785800.0,0.9979880554211914,0.0009931454919963254
785900.0,1.0069702276852324,0.0008866511326140229
786000.0,0.996377123114487,0.0009590060199905257
786100.0,0.9987700710306965,0.0010526946466853705
786200.0,0.9941407451580212,0.0009690174112488447
786300.0,0.9987825852385519,0.0011180810296326407
786400.0,1.0122879852814786,0.0011860842623942955
786500.0,0.9982584002447491,0.0010562511646875908
786600.0,0.9867310872173499,0.0010445992663765267
786700.0,1.0140111855417597,0.0011415189684491932
786800.0,1.0059979887542803,0.0006432489725619739
786900.0,1.0115990543050104,0.0009557569835574737
787000.0,1.0061485449653718,0.0011191678504549215
787100.0,1.0001219082120634,0.0011459687509519007
787200.0,1.007855298120603,0.001020474879872647
787300.0,1.0002041069119991,0.0011222314968897845
787400.0,1.0052486728661167,0.0005215646509315557
787500.0,1.0002874111483382,0.0007063391416674692
787600.0,1.0029549848753199,0.0010261867216769356
787700.0,0.967716303300789,0.0006976270016668064
787800.0,0.9960684943092369,0.0010119990069828394
787900.0,0.9931288758368784,0.0011460986545659905
788000.0,0.9920878437594595,0.00131452474916365
788100.0,1.0170180291705964,0.000591339252503367
788200.0,1.0143649992101733,0.0010376237588898985
788300.0,0.9918918562573756,0.0009017477808342849
788400.0,0.9828404356316195,0.0006515675564915359
788500.0,0.9855866559792841,0.0009279382065280343
788600.0,1.0081044876113354,0.0007354750601451543
788700.0,1.0042038885286106,0.0009323666741844648
788800.0,0.9997469889135225,0.0010849947397272269
788900.0,1.0105702138625354,0.0010655231326001545
789000.0,0.9798100202209,0.0009287709233170478
789100.0,0.9867535770210847,0.0010279963524370327
789200.0,0.988700947281152,0.0008579784106752901
789300.0,1.014196760577289,0.0008876154110673419
789400.0,0.9884570556621904,0.0008604969885332151
789500.0,1.0056570744701687,0.0007785567782105516
789600.0,1.01864064110992,0.0012019768570765163
789700.0,1.0254760801887632,0.0011949150327351821
789800.0,0.9887168073243453,0.0009113503939710781
789900.0,1.0107645043272855,0.001061945535979937
790000.0,0.9994534029685619,0.0008542822863116675
790100.0,1.0195383284908957,0.0011384335257127464
790200.0,0.9611749173834678,0.0007357166825996521
790300.0,0.9957250620621271,0.0009406236744133875
790400.0,0.9992638288094717,0.0006304456835291442
790500.0,1.020411702116923,0.000989536070661161
790600.0,1.0021552163397596,0.0010497711601120587
790700.0,1.0145743633499331,0.000834521334458964
790800.0,0.981206016684453,0.0008690609508416935
790900.0,0.9883308197237437,0.0008551629913026209
791000.0,0.9890333613671783,0.0007261256845157929
791100.0,0.9921196241508836,0.0011373716882983286
791200.0,1.007218685483637,0.000835607449980886
791300.0,1.0285975920779822,0.0008104099563035423
791400.0,0.9742209170375543,0.0010233105422453117
791500.0,0.9944604246376272,0.0008681669853433388
791600.0,1.0061610526841065,0.0010238750055107805
791700.0,1.0195739296266209,0.001269654376912792
791800.0,0.9878403662870271,0.0010717444122135386
791900.0,0.9842337454022734,0.0004530292375813399
792000.0,0.9987611433116169,0.0008400410607854428
792100.0,1.0217806717736126,0.000984823286832144
792200.0,1.009318510870721,0.0010788684442723663
792300.0,1.0130552103865882,0.0008296245821086624
792400.0,1.0074451928256303,0.0006318325701904418
792500.0,0.9958887335603351,0.0010395710151843345
792600.0,1.0182540600008132,0.0010158879813053471
792700.0,0.9963914880217218,0.0008608790213935598
792800.0,0.9933184558153209,0.0007527511257352118
792900.0,0.9941422213032913,0.0009548230040526919
793000.0,1.0103385052012437,0.0009652894596601616
793100.0,0.9912909407514833,0.0008835378336674465
793200.0,0.9920028842112099,0.0008278133888753209
793300.0,0.9757478376388842,0.0008292948546427802
793400.0,1.001779103763217,0.0008644402346372643
793500.0,0.9778375154923316,0.0005634174445995962
793600.0,1.0001496333346473,0.0007024782373735753
793700.0,0.990529363376198,0.0008928507438057176
793800.0,0.9806207865202002,0.0008963985191282672
793900.0,1.0099863414153416,0.0011701760598026936
794000.0,0.9876771049114399,0.0011687056346362207
794100.0,1.0173055265987403,0.0008352783821157782
794200.0,0.982773183285491,0.0007818515572444989
794300.0,0.9955205258561791,0.0009868133364884307
794400.0,0.9900212972627566,0.0010814995037530433
794500.0,1.0000314021800698,0.001022006924410355
794600.0,0.9943248467216118,0.0011346586124596758
794700.0,1.0051700265153094,0.0010723451057849044
794800.0,1.0229692175525,0.0009912079534240895
794900.0,1.0095141684412936,0.0009498104185496138
795000.0,1.0054448250278847,0.0009203834022272135
795100.0,1.0129054782871794,0.0011128626358767927
795200.0,1.004505027554622,0.000884774039085705
795300.0,0.9924092899009099,0.0007966441020772466
795400.0,1.0036787778091971,0.0010154596064764704
795500.0,1.0105200818490874,0.0009831965899622117
795600.0,1.0018417815667142,0.000495203393355229
795700.0,1.005498275893533,0.0010985265879029694
795800.0,1.010854769776776,0.0008691069232442075
795900.0,1.0090479833261314,0.0010155731278193867
796000.0,1.0014022629277417,0.0012547264881051243
796100.0,0.9690276671282512,0.0007892342317851933
796200.0,0.9988647535145879,0.0009142902872851213
796300.0,1.0116259421189715,0.0011126528313232435
796400.0,1.0042722181070518,0.0006933352741202529
796500.0,1.0168204308362685,0.0012366946451629651
796600.0,0.9973127206236011,0.0008006686516036507
796700.0,1.0023146354788879,0.0006771961113035415
796800.0,1.0014349204008048,0.0012360247083890703
796900.0,0.9901019367253007,0.000935709231674201
797000.0,1.026755275140565,0.0010228730129759212
797100.0,1.0141292242486608,0.0007835853297556591
797200.0,0.9867498099213532,0.001046721808547231
797300.0,0.997105953146718,0.0007014513606525405
797400.0,1.001478337425447,0.0009787160693937465
797500.0,0.9987903918065462,0.0009637241117826539
797600.0,1.009282211772921,0.0008461413967202065
797700.0,1.036221029838126,0.0009728006930581841
797800.0,0.9842198138313797,0.000777923734098146
797900.0,1.0033081819475898,0.001314520374659603
798000.0,1.0113367427775224,0.0008727573301654403
798100.0,0.9881664834391908,0.0009437185046363662
798200.0,1.0007068207211365,0.0008304737812920096
798300.0,1.0265620411798362,0.0006702448971911617
798400.0,0.9966738805839024,0.0010599567419542746
798500.0,1.0059853203338127,0.0008257675141626986
798600.0,1.0056222486332045,0.0009712729848554068
798700.0,1.0089347782974705,0.0008396325606578248
798800.0,1.0113039840954101,0.0007514738796431066
798900.0,0.9986462913888197,0.0009292857314312259
799000.0,1.0184394282914015,0.000907660657037981
799100.0,0.9997866157586205,0.0009348173474364755
799200.0,0.9928699146365019,0.0008125123546884769
799300.0,1.0125580202446571,0.0010786739031047805
799400.0,0.9944931605849288,0.0007008064484257208
799500.0,1.0012017181466262,0.000978411340047707
799600.0,1.0139570308187043,0.0011215068397553939
799700.0,0.9916222349967994,0.0011615911810691623
799800.0,0.995544116631207,0.0010838213895360525
799900.0,1.020335190822241,0.0011255925814043504
800000.0,1.0068526098752166,0.0009337824342738933
800100.0,1.0169871713310352,0.0011401945130511883
800200.0,1.0072405604822916,0.0009594155719822993
800300.0,0.9979112710857235,0.0011278300499858304
800400.0,1.0052648143206357,0.0012938249035114552
800500.0,1.0253939587970793,0.0008237932451928606
800600.0,0.9932994371044825,0.0009171241511126048
800700.0,0.9933133210730959,0.0009161027294429613
800800.0,0.9963948271066795,0.0010115191502287724
800900.0,1.002765332451192,0.0008301448669367392
801000.0,1.0277028718754257,0.0009546146852895191
801100.0,1.0006668649765695,0.0009150076914936666
801200.0,1.0060063938967463,0.0007299286864716568
801300.0,0.96974792961008,0.0006961879808093433
801400.0,1.0040557631163542,0.0008876668623488028
801500.0,0.9929940947961196,0.0009059266475893571
801600.0,1.0072669354774995,0.0011067309223003515
801700.0,0.9943588525387352,0.0008990051497112945
801800.0,1.0144950554906627,0.0009284373677434508
801900.0,0.9941271511269651,0.0011198469125470697
802000.0,1.0021290811626844,0.0008088099257616065
802100.0,0.9974994968538462,0.000898251403578148
802200.0,0.995391024730238,0.0007594899030113352
802300.0,0.9875018139378503,0.0008325561070901362
802400.0,1.0078943015316326,0.0005839403415110681
802500.0,1.0345177310926243,0.0008528414328320999
802600.0,0.9880871307349328,0.0008037415008547563
802700.0,1.003013890849557,0.0009573506664230558
802800.0,0.9746682772891774,0.0009245436073944907
802900.0,1.0224058813045585,0.0009480312082135751
803000.0,1.002310975549257,0.0008773917186829423
803100.0,1.011477426643202,0.0007162291232403227
803200.0,0.9989888858511968,0.0008177592875702298
803300.0,1.013922155481365,0.001139536036894698
803400.0,0.9986025671917833,0.000799164342344321
803500.0,0.9922401972991772,0.000998295446056998
803600.0,0.9871465534894198,0.0010050527154164652
803700.0,0.9806768092082703,0.0006490144251130407
803800.0,0.9963186138084851,0.0008510604710028903
803900.0,0.9874098563169302,0.0007940086262403392
804000.0,1.025451353479935,0.0009621489679204139
804100.0,1.0083299696424972,0.0010614404806198003
804200.0,0.9932362861108924,0.000693497782449566
804300.0,1.009145663801487,0.001014374794245304
804400.0,0.9936236550854574,0.0010157183199854785
804500.0,1.0052349938116156,0.0007987330752505635
804600.0,1.008924215517161,0.0007571259505531247
804700.0,0.9989703269162159,0.0008667519117396366
804800.0,0.9977467264787262,0.0011436794851206271
804900.0,1.0050005992938986,0.0008583946024307563
805000.0,1.0013316042484641,0.0009019572519193918
805100.0,0.9865822402111984,0.0008244664336336622
805200.0,1.0150564667483106,0.0005621398089967848
805300.0,1.0047221571399338,0.0007133326514978774
805400.0,0.992835870925665,0.0006662234729125733
805500.0,1.0319361413003778,0.000680462939232444
805600.0,1.0072789495711323,0.0013978031319273508
805700.0,1.0265372607387386,0.0009143203958212815
805800.0,1.007383375251633,0.0009589941270912287
805900.0,0.9857004627903413,0.0005607584132775692
806000.0,1.010901521336082,0.001335626982942179
806100.0,1.0068014647674697,0.0012198217418379054
806200.0,0.9915938188934565,0.0009386901866169064
806300.0,1.0133591480258142,0.0012266616268138916
806400.0,0.9997506151587525,0.0010170274609982947
806500.0,1.0132746586181542,0.0008392281515068675
806600.0,0.9879713793110524,0.0009349092763606982
806700.0,0.994213246741292,0.000862029485403329
806800.0,0.9818254331003191,0.0007318778313097298
806900.0,1.0039450758653852,0.0007976457209004862
807000.0,0.995209881337465,0.0005588220763006178
807100.0,0.98919171824999,0.0010480958367775192
807200.0,1.022657338320954,0.0010335031249286302
807300.0,0.9562660685990353,0.0005872512378741891
807400.0,1.0086072174615524,0.0008397400652302502
807500.0,0.9913821679236288,0.0008358529347829788
807600.0,1.0028618955934023,0.0006589184429022372
807700.0,0.9915891250558285,0.001091839423977496
807800.0,1.0067368109589743,0.0010474533215203642
807900.0,0.9821319061384803,0.0008281811259189715
808000.0,0.9852859847766403,0.0005269643061509815
808100.0,0.9817484874734406,0.000968015804611525
808200.0,0.9982589405604967,0.0006518532385807799
808300.0,1.0109287989670026,0.0011068632292881334
808400.0,1.0083484640418883,0.0009395781514990433
808500.0,1.0077791611280804,0.0006496854892330991
808600.0,1.014576058527464,0.0011594759643259796
808700.0,0.9920803416331563,0.0008096906980262002
808800.0,0.9759908798823195,0.0009144662994076078
808900.0,0.9872001206820535,0.0009165468782354108
809000.0,0.9961110264421209,0.000672778252663115
809100.0,1.0179780820913678,0.0012165175422691374
809200.0,1.0008480053757316,0.0009650235610096528
809300.0,1.013920403169307,0.0010527463234465736
809400.0,0.9917995658968364,0.0008742701057096279
809500.0,1.0017590222808332,0.0011206851502503258
809600.0,1.0202062558635707,0.0011839748364216385
809700.0,1.0054304207369469,0.0007272648665913779
809800.0,0.9995832354590873,0.0005344990779242242
809900.0,1.0083331721526243,0.0009909999269577102
810000.0,1.0224928673495444,0.0009515477859786201
810100.0,1.0140559996949792,0.0009461329980756017
810200.0,1.0038567322728102,0.0012160510861368066
810300.0,1.0004626263419514,0.001009406934580532
810400.0,0.9979437796160332,0.0010055813466959358
810500.0,1.010707835934518,0.0008216804747717493
810600.0,0.992632619592831,0.000738929759675272
810700.0,0.9923726249529778,0.00108486758584857
810800.0,1.004728284848212,0.0007916178931091362
810900.0,1.0051269423309979,0.001049419348543233
811000.0,1.0049734075069017,0.0010392604180751487
811100.0,0.9776572283090077,0.000783749971978479
811200.0,1.0161422793164856,0.000984047691744477
811300.0,1.001011475995918,0.0007690113694822677
811400.0,0.9668293859962895,0.0010212380171740086
811500.0,0.9902149713605722,0.0008217492065486605
811600.0,1.0080887116262345,0.001017313953661971
811700.0,1.0190077135941955,0.0010205520481506656
811800.0,1.0107090560078769,0.0008237503325394229
811900.0,0.994753460564529,0.0007754432731213185
812000.0,1.0001266880528068,0.0008158110009963088
812100.0,0.987157992666309,0.0007904273922728832
812200.0,0.9860053728537047,0.0007787688217283308
812300.0,1.0047262606075178,0.0008353689806979887
812400.0,1.0055545387678124,0.0008232402083041068
812500.0,0.9998706558487771,0.0011925727584419117
812600.0,0.9974645901634602,0.0013464217793522578
812700.0,1.0107875469469718,0.0009255714020109321
812800.0,1.0128137457034214,0.0010486599718807469
812900.0,1.0158767617090587,0.0008597523076802739
813000.0,0.9873372261164814,0.0008401606649654918
813100.0,0.9947172341319187,0.0010728459157407666
813200.0,1.0056045949253112,0.0007751963090215391
813300.0,0.9855549346303384,0.0009010988714134283
813400.0,0.9974412633256313,0.0007352345654052879
813500.0,0.9898445341718791,0.0008903172231225397
813600.0,1.0052895243015223,0.001022837037087284
813700.0,0.9798899806434688,0.0008619124502150298
813800.0,0.9951598037450884,0.0012374883662491763
813900.0,0.9985263453044292,0.0008953540077215892
814000.0,0.9967059240444348,0.0008439293741726549
814100.0,1.0006092264593982,0.0007335795536411199
814200.0,1.014321245321031,0.0009418052384061939
814300.0,1.0127775533757923,0.0008614819180381507
814400.0,0.9912346796385124,0.0009020469354489391
814500.0,1.0127698954042628,0.0007306413053439996
814600.0,0.9911319991450989,0.0008352312482244968
814700.0,0.9943064159943059,0.0005651445240861224
814800.0,1.0089407577926612,0.0010541853404275213
814900.0,0.9886826108241036,0.0009250716655012345
815000.0,1.000399598994245,0.0011797270670226032
815100.0,0.9911971326993301,0.0009812967562430651
815200.0,0.9861913126287013,0.0007521633535931395
815300.0,0.9925996397357302,0.0007550347378654265
815400.0,1.0062444016113226,0.0005992297551599146
815500.0,1.0274193695023675,0.001311740111889159
815600.0,0.9955331384005627,0.001035630358800381
815700.0,0.9984338914552822,0.0011739564365887932
815800.0,1.0276973458592003,0.000950771937416495
815900.0,0.9931124952547886,0.001234232734724656
816000.0,0.991163620629777,0.0009317984567786416
816100.0,1.0025323290131003,0.0006555056020681556
816200.0,0.9863238962060393,0.0007065945897527761
816300.0,1.0075373156820624,0.0005482867518290362
816400.0,1.0037146823398146,0.0006469287679195835
816500.0,0.9830500992498854,0.0010315301051718679
816600.0,0.9894456929774338,0.0008980240298805193
816700.0,0.9857548770881877,0.0006913678434742894
816800.0,0.9891883488220398,0.0008780413763260479
816900.0,1.016445869874354,0.000912782609493863
817000.0,1.0098019253990733,0.0008338303770351044
817100.0,1.0087934758018793,0.0006994489469208658
817200.0,0.9951287517535313,0.0008530488180214495
817300.0,1.0029514096439764,0.0009124323848382531
817400.0,0.9829030195400433,0.0007537967766853224
817500.0,0.9938543609818468,0.0008976280837162536
817600.0,0.9811322696528123,0.0011822609222793975
817700.0,1.0018743233683762,0.001009460094034537
817800.0,1.0021666704973535,0.0006845693289799092
817900.0,0.9941782820243044,0.000831191908969803
818000.0,1.0049762936034905,0.0009982792527609044
818100.0,0.9875324014450015,0.0007001984480164003
818200.0,1.0105471603615461,0.0008005875178265835
818300.0,0.9788126227606418,0.0006496837640891977
818400.0,1.003802792324309,0.000609533642180135
818500.0,0.9919907214631372,0.0009402005616471358
818600.0,1.0197663195517201,0.0008271931568920054
818700.0,1.0188085605688701,0.0006608378246643401
818800.0,0.9881101036381702,0.001082491570664632
818900.0,1.0003290070420787,0.0008820103335383685
819000.0,1.0073325288183463,0.0007587784102494548
819100.0,0.995803494277849,0.0009852945196148456
819200.0,1.0174702065581667,0.0014339040411826597
819300.0,1.0120137392313477,0.0010197713176244392
819400.0,0.9884343068238177,0.001162092841494011
819500.0,1.0142193126680659,0.0010136882026168883
819600.0,1.0110901645421648,0.0008881409327862646
819700.0,1.0058489047649468,0.0006021948953921435
819800.0,1.0113717598952572,0.0009605055296629325
819900.0,1.0011572591934277,0.0009088536264597508
820000.0,0.9977134490197224,0.0009083717219572412
820100.0,1.0007748704822526,0.0007815961351809592
820200.0,1.0075824228602288,0.0008201929309634416
820300.0,1.0099469976136457,0.0010924911624575796
820400.0,0.9979715823522232,0.0011198280033819627
820500.0,1.015912575750824,0.0007988787756134615
820600.0,0.985415703931033,0.0008016073550420491
820700.0,0.9876765594952985,0.0007073062731611009
820800.0,1.019199522523533,0.0009363882590432279
820900.0,0.9865394549800511,0.0005289452224961511
821000.0,1.0192589453826086,0.0010330031067443098
821100.0,0.9806038634758716,0.0007550601449428263
821200.0,1.018712946083575,0.0008980438510304713
821300.0,0.9924407697972717,0.0009100068037044192
821400.0,1.0031864753073403,0.000928738586132891
821500.0,0.9903884217459203,0.0010682569421738653
821600.0,0.9834853290387646,0.0010142478723545354
821700.0,0.9951051906076187,0.0008041911759679031
821800.0,0.9937831511430424,0.0009895604723936442
821900.0,1.0205227586966388,0.00090001275447044
822000.0,0.9974570059088528,0.0008599073377896121
822100.0,0.9909884761383442,0.0008640773534842624
822200.0,0.9958791326974158,0.0010438027556401094
822300.0,0.9685072149915365,0.00097248102869393
822400.0,0.9961439586914713,0.0006076477959978213
822500.0,1.013762275066089,0.0010528044663583988
822600.0,1.003214948149176,0.0009074134397840544
822700.0,1.0055811873528813,0.000824347993330808
822800.0,1.0021082876571172,0.0012684045371968355
822900.0,0.9956261292743028,0.0012666953882516973
823000.0,1.0056560372239076,0.0010251925872987121
823100.0,0.9998356266637025,0.0008374511283039225
823200.0,1.0220721383304683,0.0010863757399944011
823300.0,1.0087457184457622,0.000848683351810251
823400.0,1.0181439732730093,0.0009388986579302239
823500.0,1.0035565318855237,0.0007629010247297535
823600.0,0.9956225310317308,0.0009949690230885019
823700.0,1.00719769784016,0.0007842796071268803
823800.0,1.0015137876486118,0.0009692693292950531
823900.0,0.9955530983067975,0.0009719995724955796
824000.0,0.9970811849326205,0.0010495365535624893
824100.0,0.9971306301109498,0.0012356377340723727
824200.0,0.9946851413384267,0.0005237304782347439
824300.0,1.0205555284914136,0.0009583808298556266
824400.0,0.9934411195238114,0.0009565604359220396
824500.0,1.0013633951504566,0.0011543746307923213
824600.0,0.9938220694009072,0.0011866510564861369
824700.0,0.9986101758532551,0.0010363386636838702
824800.0,1.0074789209327097,0.001140544659347744
824900.0,1.014029186906775,0.0012654142530593559
825000.0,0.9970308259953111,0.0010232266899680897
825100.0,0.993117379834158,0.0007641132945856412
825200.0,0.988721332020062,0.0014038950850559038
825300.0,1.0187819272714345,0.0009070195546427375
825400.0,0.995187886219344,0.0008323672665667985
825500.0,1.0164055852237226,0.0007633798185527761
825600.0,1.0193656821093893,0.001014197284334393
825700.0,1.0191252124184096,0.001317799595809578
825800.0,0.9975923344844172,0.00033963077815590354
825900.0,1.002190650228623,0.000854760980564261
826000.0,0.9932407512875443,0.0011058338410796181
826100.0,1.001462534464712,0.0009397231498714551
826200.0,0.996797436766938,0.0009504702677367182
826300.0,1.0039035612476388,0.0008149815218112322
826400.0,0.9990331990645731,0.0007910523707996588
826500.0,0.9929952344719801,0.0009947551002462195
826600.0,1.012606954002319,0.0006221276387999922
826700.0,0.9909110650821326,0.0008066020456600941
826800.0,1.0148089054584557,0.0009393194291105464
826900.0,0.9890009193695353,0.000715823610099428
827000.0,1.0139874173480257,0.0011660218162636965
827100.0,1.0108627621531998,0.0009435953300311958
827200.0,0.9906919743357253,0.0007365481927800238
827300.0,0.9815703754922536,0.0006692070160861659
827400.0,1.0011991593415044,0.0007836503590310285
827500.0,0.978359272760069,0.0011299919116371097
827600.0,1.0088205187620725,0.0008684587070318746
827700.0,0.9892251303120358,0.0007586727426370876
827800.0,0.976374190974688,0.0006957109796917755
827900.0,1.0096682344203098,0.0009642986031547191
828000.0,1.0026690390074653,0.0008911447627589474
828100.0,0.9894263115476752,0.0008786935425625105
828200.0,0.9812376356923482,0.0007541488198090127
828300.0,1.0159955773747407,0.0008773829115539564
828400.0,1.0023359698601964,0.0006923932300615725
828500.0,0.9788916028080179,0.0008418845754575871
828600.0,0.9973845237921362,0.001148346320532367
828700.0,1.010465002789748,0.0008136753014394281
828800.0,1.0058741370297404,0.0007339452890252356
828900.0,0.9825635965471361,0.0009901123238862041
829000.0,0.9884076357018604,0.0007859940705865165
829100.0,0.9927514076605343,0.000988058522772024
829200.0,0.9919389102122679,0.0007867828574522645
829300.0,0.9837104560786726,0.0012168277197573507
829400.0,1.0118168556079858,0.0009178747020161533
829500.0,0.982927485988781,0.0008975027702566525
829600.0,0.9939908147400494,0.0010349205017063474
829700.0,0.9858324608850226,0.0008502962066533318
829800.0,0.9959565183236607,0.0006522893951271392
829900.0,1.0085605812366059,0.0011171965989233167
830000.0,1.0010860423014942,0.0009290512779800299
830100.0,1.0046083834636148,0.0011638539541435364
830200.0,1.00104102067508,0.0009459681449217182
830300.0,1.0029383700168701,0.0007477635910105788
830400.0,1.0063828815605669,0.0012010649302622457
830500.0,0.9874609581245232,0.0009687057702716654
830600.0,1.009059062479841,0.000783342484683043
830700.0,0.9898549458160486,0.000987997336250822
830800.0,1.0058151851558996,0.0008249347879780746
830900.0,1.0155665004051195,0.0009573699323721635
831000.0,1.0175369151173366,0.0009381157579419011
831100.0,0.9960107948080117,0.0007895596066100621
831200.0,1.0128129010177325,0.0009274337649124672
831300.0,1.0124686534334058,0.0008159211155145296
831400.0,1.0244273261858658,0.0008486812021220143
831500.0,0.999508197766343,0.0007937729864657216
831600.0,0.9977439622862015,0.0009955982812925555
831700.0,0.9900015474379991,0.0007920675404022703
831800.0,0.997538184614981,0.0011061959554990199
831900.0,1.0094785691976131,0.001127457985646792
832000.0,0.9971480427632877,0.0008639314457810484
832100.0,1.0223906711656587,0.0011023800666508001
832200.0,1.0006234004847363,0.0010106505152365191
832300.0,1.0177388850531515,0.0012452362545135153
832400.0,0.9974160227163307,0.0006937146591017219
832500.0,1.0148064583726697,0.0008450582547257178
832600.0,1.0093424576436378,0.0012389040371216583
832700.0,1.0042833129979591,0.0007165509948865395
832800.0,1.0062793388604383,0.0009215251187466925
832900.0,1.000870783575732,0.0006993407103193987
833000.0,0.9852721696935403,0.0007909548106248178
833100.0,0.9945872051049423,0.0010386115050225798
833200.0,1.0200088425981635,0.0008817029831959211
833300.0,1.0036260900242662,0.001163254896779767
833400.0,1.0038039254922058,0.001076068109475727
833500.0,0.9880534120560401,0.0010148720549890732
833600.0,0.9992541669500902,0.0009629060545395386
833700.0,1.006744535539821,0.001045548448469617
833800.0,1.008454153189826,0.0011359319919320224
833900.0,1.0162000603603198,0.0009581595648717402
834000.0,0.992120752465086,0.0008753128823641767
834100.0,0.9841960129097137,0.0006200176184694675
834200.0,0.9692975597957811,0.0007342763380228596
834300.0,0.9876234999969661,0.001093276041453147
834400.0,1.0197347957339677,0.0011081783999174718
834500.0,0.9841777817584378,0.0006719997829190248
834600.0,1.0325886601827219,0.0007741478588189057
834700.0,1.0014684879116391,0.0006086864974272218
834800.0,0.9981177756249758,0.0009737039314639069
834900.0,0.9885832970766293,0.0009337072006929023
835000.0,0.9941376259251836,0.0006002076096057769
835100.0,0.9770906972938301,0.0009845199668667552
835200.0,0.9938225352960331,0.0008202517318097023
835300.0,0.9987333485523361,0.0009443049129214306
835400.0,1.001170579474992,0.0007139580068119823
835500.0,0.9970063025844399,0.0004975147874502079
835600.0,1.0045806459856443,0.0007323188640041883
835700.0,1.0298909771221472,0.0007663673686845975
835800.0,0.9870076204983687,0.001260207514527305
835900.0,1.0009200672630023,0.0008791497264830747
836000.0,0.9889202067519575,0.0011113258567937172
836100.0,1.0099848085216097,0.000896004870361412
836200.0,0.9815292028954089,0.00102824157696027
836300.0,1.0036308097623186,0.0008071654778072083
836400.0,1.027491335826134,0.0012390697356704087
836500.0,1.0159640070620928,0.0007526657997964097
836600.0,0.9855548672162392,0.0007595604003651182
836700.0,1.0007091336389013,0.0010204656214462449
836800.0,0.9920012722503078,0.0007898779566122395
836900.0,1.0153365477851999,0.0010820330640169864
837000.0,1.0007140558141228,0.0006234696921390369
837100.0,1.004097082801672,0.0010297565641283009
837200.0,1.0103418260386035,0.001054162456503958
837300.0,1.0192583449409165,0.0010277862662409216
837400.0,0.9956371115859297,0.0012134612696333964
837500.0,1.002511884462094,0.00063458920333512
837600.0,1.0142288365634775,0.0008295044688615651
837700.0,1.006311171466803,0.0005050450481087378
837800.0,0.9856566239948737,0.0005510637690660011
837900.0,1.0016237724627008,0.0011793165923997208
838000.0,1.010978233716473,0.001158674912388703
838100.0,0.9968017319986209,0.0004937641428213636
838200.0,0.9856356881917394,0.0009531657628036296
838300.0,1.0059443032086623,0.0009991244598275065
838400.0,0.9882447064754935,0.001006385308695893
838500.0,0.9916851852618989,0.0008171428879452912
838600.0,0.9951316443859387,0.001017484630150189
838700.0,0.9927822484885706,0.0009241924098810883
838800.0,1.029990621122656,0.0006924433448445961
838900.0,1.0082475335116003,0.0007328832962936097
839000.0,0.9897759504783719,0.0009450649103825796
839100.0,0.9991456638654922,0.0009490567707223643
839200.0,0.9961070559353238,0.000841316328601821
839300.0,1.0121001489380368,0.000989842074147649
839400.0,1.000017240281682,0.0007992645293378303
839500.0,1.0137875490614618,0.0009078500927618473
839600.0,1.011830479783127,0.0009381132972002618
839700.0,1.0119845301532069,0.000785866789973046
839800.0,1.0061621527419795,0.001095270178584255
839900.0,1.0177927871772616,0.0011633229846531546
840000.0,0.9839761610771726,0.0010208597726984211
840100.0,0.9991454226036467,0.0008435929672624044
840200.0,1.003570933680943,0.0009676008890080421
840300.0,0.9959335616230817,0.0010878861658691673
840400.0,0.9879625074659271,0.0010919937199363838
840500.0,0.9859831944081682,0.0009166811769759812
840600.0,0.9913103504290299,0.001012235136147505
840700.0,0.9978873576746017,0.0009151561104970031
840800.0,0.9801436727324266,0.0008221733006048871
840900.0,0.9992166237806283,0.0010016297831527438
841000.0,0.9999624392602634,0.0011234721554824818
841100.0,1.0011885014464121,0.0009712676030285279
841200.0,1.0102351202845794,0.0007677945947918883
841300.0,1.0053526979699492,0.0007675055137981834
841400.0,0.9895011518533249,0.000878530746681736
841500.0,1.0141958550925947,0.0008282696882814852
841600.0,0.9864405428777613,0.0008085594698149797
841700.0,0.9823106121693402,0.0007478479687370566
841800.0,0.9974415644909727,0.0008201214500806752
841900.0,1.0206676091905325,0.0010535132830754015
842000.0,0.9960246255303503,0.0008941007574184356
842100.0,0.9950215784751579,0.0011868542953131142
842200.0,0.9878740269964691,0.0009406171749303888
842300.0,0.997188142532289,0.0009527250707313561
842400.0,0.9895922262441483,0.0009547052446621216
842500.0,1.0016226871200489,0.0010771146755530247
842600.0,1.0151222428012106,0.0010344247363705083
842700.0,0.9789848901994781,0.0011343488433457913
842800.0,1.0077596987816833,0.0007662705058290101
842900.0,0.996169218957506,0.0008365750098258574
843000.0,0.9975057613017497,0.001374176872476101
843100.0,0.9974155550778544,0.0013066135713763383
843200.0,1.002578169702557,0.0004931614669788435
843300.0,1.0090041131584446,0.0010469880007960245
843400.0,0.9879627257122778,0.0009481147937886084
843500.0,1.0050148747103131,0.0011660036054601192
843600.0,1.0114377146577647,0.0009744225354918948
843700.0,1.026827686620229,0.0010492661459812317
843800.0,0.9863300158519568,0.0008221742253193235
843900.0,0.999876246020933,0.0008736320801211747
844000.0,1.0058008553227356,0.0011530634166009297
844100.0,1.0199602992798735,0.000865673657716489
844200.0,1.0088087145498514,0.0009149178994648625
844300.0,0.9908214579729345,0.000796085203994273
844400.0,0.987764840238196,0.0006885515220285764
844500.0,0.9767643053642571,0.0009300298557763501
844600.0,0.9935627333742536,0.0008285716704088822
844700.0,0.9935968703139537,0.0007395784340595476
844800.0,0.9944621866703202,0.0010550506059257855
844900.0,0.9879665663807828,0.0009544973346002212
845000.0,1.009069490951941,0.0007769584182302759
845100.0,0.9923562188581312,0.0005596865104082065
845200.0,0.9848502359562499,0.0008204165487926644
845300.0,0.9960505209367848,0.0011254999240984847
845400.0,0.9972919251878101,0.0009791352147736339
845500.0,1.006300586305058,0.0009457261199161606
845600.0,1.012142456197516,0.0008956699401168886
845700.0,0.9938052314237565,0.0010423033756749615
845800.0,0.9993332978953791,0.001156175152702387
845900.0,0.9924129863611441,0.0010176265762168527
846000.0,1.0026158421360152,0.0010689650966932754
846100.0,1.0090279906802935,0.0007466579472368932
846200.0,1.0014974561577965,0.000951869913970107
846300.0,0.9978726289183661,0.0009647377549649117
846400.0,0.9924286151691568,0.0009391803530504994
846500.0,0.9863255388093523,0.0008746827013363569
846600.0,1.007426024788243,0.001229815248753993
846700.0,1.0182742143950512,0.0007798504013507374
846800.0,1.0009743572546705,0.0007006374399023704
846900.0,0.9964630339315029,0.0007698961207127831
847000.0,0.973087785171699,0.0010105302273129937
847100.0,0.9848994647184153,0.0008434484776467706
847200.0,1.0073755158837958,0.0011201797362252808
847300.0,0.9920247847504765,0.0007731927630370454
847400.0,1.0223461523398154,0.0006497901251887649
847500.0,1.0269342151277536,0.0009097500942487505
847600.0,0.9826676434197673,0.0007234934921185246
847700.0,1.014484807603204,0.0009607385996602085
847800.0,0.9836327221487038,0.0005852485493932018
847900.0,1.0081807419864965,0.0007209735045750072
848000.0,1.0308202420176633,0.0008621566497182964
848100.0,1.006437270053583,0.0010810639915773213
848200.0,1.0149519259490996,0.0013695329865141836
848300.0,1.0350022174749063,0.001086780814648343
848400.0,0.9868885475474451,0.0006053971853068492
848500.0,0.9743369653259113,0.0006421615347936077
848600.0,1.0037675676928655,0.0007518503867632344
848700.0,0.9903872676439656,0.0008910806334365261
848800.0,1.0035652405621238,0.0009774253917941393
848900.0,1.0002504797929057,0.0009812650330657722
849000.0,1.0120273844387304,0.001136952455738835
849100.0,1.0048541405460623,0.0009205103652844097
849200.0,1.0149532041904534,0.0011608776971498982
849300.0,0.9860204912983055,0.0007916730214620907
849400.0,1.019234363198402,0.0009041502817549324
849500.0,0.9898333883463021,0.0008949716866464694
849600.0,0.9987423613945339,0.0011269396221218618
849700.0,1.013626112822824,0.0010054027485730205
849800.0,0.983646801178962,0.001332758619136552
849900.0,1.0000921252776136,0.0006961869943474321
850000.0,0.997768649802177,0.001097305969710774
850100.0,1.0081296261018928,0.0010316333997838591
850200.0,1.0035623436750498,0.000745987851584504
850300.0,1.001467402246637,0.0012327168140792715
850400.0,1.0223853202272115,0.0007552949131108901
850500.0,1.0016050542754726,0.0009868689989899603
850600.0,0.9907449669810989,0.0007823738400819741
850700.0,0.9840659893042011,0.0009221596347068338
850800.0,0.9922253645652248,0.0008300819650189098
850900.0,1.0025186757156392,0.0008929462198159746
851000.0,1.0092640123836432,0.0007195224168625823
851100.0,0.982055077131599,0.0009264115589449164
851200.0,1.001965208386299,0.0008508219985385678
851300.0,1.0135657098741655,0.0008565547761727295
851400.0,1.0022850254265123,0.0012154067078623274
851500.0,1.0165233109411498,0.0007797291673835176
851600.0,1.0019768151301107,0.0009237171275297354
851700.0,0.9996877165225122,0.0009404176593752326
851800.0,1.0038091743730344,0.0011668224948962413
851900.0,1.011945985421015,0.0011141703698415541
852000.0,0.9925519638173195,0.0009536023000463202
852100.0,0.9994023640926066,0.0010582505714231824
852200.0,1.0045888658327715,0.0006257502949117029
852300.0,1.0122731644968677,0.0007516631867219879
852400.0,0.9749223091180415,0.0007980626211132874
852500.0,0.9748979743030758,0.0010870863586438216
852600.0,1.015512239930115,0.0007519117141288541
852700.0,1.008294695327208,0.0009862741684661723
852800.0,0.9947272662144231,0.0010089914002992617
852900.0,1.0074388323869574,0.001304912993025344
853000.0,1.0156616242651115,0.0009943215544950242
853100.0,1.0357239760610435,0.0011182631860786672
853200.0,1.0105976932447822,0.0009732538765552778
853300.0,0.998333742716137,0.0010711958234308548
853400.0,0.9911789421673324,0.0012284619115790292
853500.0,0.9893121596674446,0.0006661865243255739
853600.0,0.981453662514658,0.0009251011610873063
853700.0,0.9982584367489371,0.0007363793364033547
853800.0,0.9836290448390678,0.0011336133358104351
853900.0,1.0065381386119225,0.0009991851119653778
854000.0,1.0172970298025827,0.0004173627268943366
854100.0,0.9926173055298245,0.0008579650497316448
854200.0,1.0145927425533734,0.0011760943872820106
854300.0,1.0194549841427492,0.0008825362736833654
854400.0,1.01046151620406,0.0007197509997847615
854500.0,0.9666811188859741,0.0006839723775267573
854600.0,0.996767550670345,0.0009384030360313849
854700.0,0.9889786242628306,0.0009392757133147409
854800.0,0.9928172599302575,0.0010189620561656418
854900.0,0.9857498009484097,0.0010599151449518307
855000.0,0.9713816218784518,0.0008765792873531909
855100.0,1.021061954428116,0.0012011161229687783
855200.0,1.001730098101334,0.0008370345606518481
855300.0,0.9995219297378247,0.0009961717721279843
855400.0,0.9885679643744018,0.0008006227223292183
855500.0,0.9937537694646651,0.0006537702954921292
855600.0,1.0174797504285154,0.0007277447327321593
855700.0,0.9961838617426888,0.0008950236747577754
855800.0,1.0135414446334414,0.0006548576417703115
855900.0,1.0100025392026497,0.0011387915819201268
856000.0,0.9882383877109465,0.0007197427702478096
856100.0,0.9828471694208745,0.0009649870447092396
856200.0,1.0005970116466212,0.0008551558846601506
856300.0,0.9997413554834612,0.0010148970442422239
856400.0,0.991386301506104,0.0011191157471160697
856500.0,0.9845060667152958,0.0009497170735417556
856600.0,1.0053052356993057,0.0010652860110169755
856700.0,0.9952055093744044,0.0008375084405622264
856800.0,0.9860357789705937,0.0009925666351863946
856900.0,1.020768043864129,0.0007950126269125998
857000.0,0.9981119977043561,0.0007702697463221216
857100.0,1.0090502198005475,0.001105677380373567
857200.0,0.9970411690440982,0.001090246756529513
857300.0,0.9931452976794733,0.0007080389741131994
857400.0,1.0163405629015256,0.000595713409710469
857500.0,0.9912702180691487,0.0008738577250915212
857600.0,0.9964620703913525,0.000817803772868851
857700.0,0.9965697695854863,0.0007834589666342951
857800.0,0.9849444337209586,0.0009001146531333081
857900.0,1.019048964658768,0.0009373827147206773
858000.0,0.9909255906325898,0.0007187258965445401
858100.0,0.9877742041770033,0.0008193534487001184
858200.0,0.9881171212566712,0.0007891778236997032
858300.0,1.0050749987602061,0.0009660832049289206
858400.0,1.0224840839121367,0.0008755138059826134
858500.0,0.9906865107110459,0.0008001611231277884
858600.0,1.027584982900895,0.0009589114911371276
858700.0,1.0006082289246492,0.0008510589845778165
858800.0,1.0008238776256753,0.00099524021615681
858900.0,0.9898077943824121,0.001076173634105988
859000.0,0.9772354363922784,0.0005607862983892693
859100.0,1.0025048620336647,0.0010726699561870172
859200.0,0.9743708230865147,0.0009495666455676009
859300.0,0.9995246495941847,0.0009595725562646897
859400.0,0.9982493311316261,0.0007897236666777449
859500.0,1.0172085506784732,0.001130374201706873
859600.0,1.0124703417162018,0.0011459476853750527
859700.0,0.9986456567740242,0.000981632586406329
859800.0,0.9990232430518755,0.0009650328837458433
859900.0,0.9777941538978917,0.0009835135781554082
860000.0,0.9817026402248301,0.0005658158593602315
860100.0,1.0209275934847677,0.001200875297359188
860200.0,0.9988503784176375,0.001072990377481128
860300.0,1.0041306707300097,0.0012270749146612299
860400.0,1.008589229084809,0.0008393348092392132
860500.0,1.0155572811436941,0.001049474518309239
860600.0,1.0081992972499607,0.0008072962409956404
860700.0,0.9977369071287958,0.0010031135057141805
860800.0,0.9933196494739217,0.0008937618341184818
860900.0,1.000573321826267,0.0011514661660086355
861000.0,0.9736769651654413,0.0009244751710039241
861100.0,0.9941826495335994,0.0008881496746215994
861200.0,1.0108519826846034,0.0009469420091813623
861300.0,1.004503924931741,0.0010897571283135744
861400.0,1.0056774818387537,0.0005638717366274459
861500.0,1.0034935128793958,0.0006146327723751438
861600.0,1.0069836453220355,0.0008821287390964286
861700.0,0.9991380643343049,0.0009322181098725606
861800.0,1.0163546818483067,0.0009142118524467374
861900.0,0.9940317287417226,0.0008707384247940745
862000.0,0.9874104773378487,0.0007259380587793559
862100.0,0.9891423947696046,0.0009586049739523947
862200.0,1.0085914735958885,0.001266419504180692
862300.0,0.9945135539068947,0.000836699788057759
862400.0,1.010539492359841,0.0009465655960145316
862500.0,0.9853215818364358,0.0007400488371288074
862600.0,0.9819424860540558,0.0007558148646192365
862700.0,1.0020509224692018,0.0011185586882301005
862800.0,1.0029386201349229,0.0010959499927368378
862900.0,1.0077262634605908,0.0009054717566518802
863000.0,0.9826481188949188,0.0009348871219841618
863100.0,0.9938697999743065,0.0007365098178176635
863200.0,0.9837821294007916,0.0007866468419804329
863300.0,0.9972095240236233,0.0008383629789613296
863400.0,1.0021700106246687,0.0008498545448061454
863500.0,1.0076429019041966,0.0009613967179065724
863600.0,0.9932871551194767,0.0009013808507964831
863700.0,0.9957274421625164,0.0008046717261014125
863800.0,0.9860489720641378,0.0009918898529411295
863900.0,0.9714402262051127,0.0005681588562352302
864000.0,1.0111128737567672,0.0011933168011640006
864100.0,1.018940782553077,0.000754298430089085
864200.0,1.0092836666368576,0.0008878077888694911
864300.0,1.0137625554584353,0.0006891433215122144
864400.0,0.9784884636135254,0.0008705508758420222
864500.0,1.0066637867021981,0.00079497930647861
864600.0,1.0012843949542178,0.0005507389589580763
864700.0,0.9972556115741966,0.0010892830325040061
864800.0,1.0151653676549708,0.001049679871450341
864900.0,0.9956107788463768,0.0010937093952777235
865000.0,1.0054132051326197,0.0005805587232060652
865100.0,0.9979500871103691,0.0007185804700798068
865200.0,0.9962588074756744,0.0009922842598614739
865300.0,0.9883818169968118,0.0011477977136245155
865400.0,1.0030693757142046,0.000852929095120349
865500.0,0.9867267093911644,0.0010783211640416604
865600.0,0.9903410242763597,0.0007711196185865622
865700.0,1.0069478522334485,0.0009087754140321191
865800.0,0.9868250976412685,0.0008954684584467661
865900.0,1.0105426626538083,0.0009354399313218969
866000.0,0.9860314016580138,0.0007898869753803938
866100.0,1.026149415894037,0.0011130006587209583
866200.0,0.9910908266001777,0.0009021804122650743
866300.0,1.0021197217028224,0.0010791478456400126
866400.0,0.9891931427358123,0.001340944538540599
866500.0,0.991662143182297,0.0014159076047065566
866600.0,1.0020610667793106,0.0008890154127021478
866700.0,0.9958129569948143,0.0010275822044645319
866800.0,1.0237123064612679,0.0010341607954129429
866900.0,0.9834532702786632,0.0008408599974637014
867000.0,1.0067893976923863,0.0008958160653930392
867100.0,1.006519397385949,0.0010611981785144987
867200.0,0.9920126880178066,0.0009420763326970767
867300.0,0.9937757488510043,0.0010120875966327673
867400.0,1.0071401125702117,0.0009278481570683855
867500.0,0.9991960587275086,0.0008575148348054576
867600.0,0.9952904094629651,0.0008117532596527055
867700.0,0.9953668456234177,0.0009089528332989955
867800.0,1.0095477219285656,0.000716137744571454
867900.0,1.0264209570304745,0.0011174290529115012
868000.0,0.9789618533647265,0.001190235839780122
868100.0,0.9906409964917998,0.0010181450523578269
868200.0,1.0061363803955918,0.0007696427188250246
868300.0,1.0013058265091157,0.00044250267479839045
868400.0,1.0048581754428045,0.0012470126723285889
868500.0,0.9969559793059425,0.001028971348568834
868600.0,1.0080217386430796,0.0009419118420181991
868700.0,1.0110083246065085,0.0010594340439453182
868800.0,1.0014087387174946,0.0010603671924878637
868900.0,1.0146782709957807,0.0010100111806586863
869000.0,0.9941134988465021,0.0008737040175551411
869100.0,0.9775808292646103,0.0009004068514575858
869200.0,0.9923651262990676,0.000667517888150981
869300.0,1.0135165994600202,0.001143238212384608
869400.0,0.9986345341512881,0.001286673775763942
869500.0,1.0049243571509734,0.0009849493819104192
869600.0,0.9894323625165534,0.0009917493110743762
869700.0,0.9971617978909957,0.000795494094741469
869800.0,1.0014348387801175,0.0007772485004566184
869900.0,1.0062829539546807,0.0006413550987423315
870000.0,1.0096761650088542,0.0008356868503336541
870100.0,0.9898582522150341,0.0013502567506767419
870200.0,0.990900788050241,0.001294267267574909
870300.0,1.0038881418924916,0.0009594186716281428
870400.0,1.008933006740114,0.001166415571352805
870500.0,0.9982125826345505,0.0010682943712319382
870600.0,0.9973511683227494,0.0009469834364649543
870700.0,1.001748561862887,0.0008647901576003622
870800.0,1.0015076287299427,0.0007703291842266757
870900.0,0.992411134108334,0.0010928507846271016
871000.0,0.9882667121369356,0.0009960411261113755
871100.0,1.0212522489011946,0.0011359546632673677
871200.0,0.9916016877284495,0.0008151469924034123
871300.0,1.000189218051179,0.0006918882209398978
871400.0,1.0060061494003685,0.0011529968191513898
871500.0,1.0263364499114542,0.0008826712734929654
871600.0,1.0132517998116368,0.0012889064193653736
871700.0,1.001915040044469,0.0010246171566200498
871800.0,0.9829928203064724,0.0010335149370186718
871900.0,1.022958493129303,0.000882618131872262
872000.0,0.9942111697950018,0.001256875468410587
872100.0,0.9882533610960929,0.0007463041368477454
872200.0,0.9903804761996006,0.000552580509159409
872300.0,0.9990823701216945,0.0009176962459118168
872400.0,1.002075436481316,0.000933347253260502
872500.0,0.9873913230003665,0.0013092501575723958
872600.0,0.9936710795440462,0.000765313101529536
872700.0,0.9979908827145527,0.0009462489865072802
872800.0,0.9982237985201148,0.0007976374229229351
872900.0,1.002728755382404,0.0008878403693087456
873000.0,1.0060117929911265,0.0008524485537597367
873100.0,1.0013235242689247,0.0011885958687912223
873200.0,1.0044595799507363,0.001001621810380136
873300.0,0.981405754566021,0.0008171936577271849
873400.0,0.9950984562496772,0.0006582085861964139
873500.0,1.0082846180338267,0.0008358737730519805
873600.0,0.9914404196094831,0.0011205299658449612
873700.0,1.002032687966253,0.0008959724047733774
873800.0,1.0008372742911398,0.0011366060425002766
873900.0,0.9894108538991452,0.0005031742939297539
874000.0,0.9983816681082414,0.0008939751333879032
874100.0,0.9849062897235668,0.0009469456143997465
874200.0,1.002378620753618,0.00120616230180816
874300.0,1.0078003819405732,0.0010518800206359208
874400.0,0.9987222971422506,0.0009455747573198069
874500.0,1.0055882328761157,0.0009304360767636856
874600.0,1.0156476447557476,0.0009456483502373975
874700.0,0.9899793484689011,0.0008284661731505279
874800.0,0.9796675234594335,0.000975349545323549
874900.0,0.9773368810740486,0.0008876822780584067
875000.0,0.9978423096836339,0.0008318595331467165
875100.0,1.0204021645713635,0.0007911615790381932
875200.0,1.0189182632008593,0.0009623444298142407
875300.0,0.9830532896300993,0.0006694825650728739
875400.0,1.0080790638051849,0.0011813280173585334
875500.0,0.9833643353164386,0.000993076691055417
875600.0,1.0081330731312679,0.0008209696382338134
875700.0,1.0111154010206092,0.0010421482059875984
875800.0,0.9967812065981673,0.0008520073943880425
875900.0,1.0022705118161606,0.000943844975421261
876000.0,1.0055787449963496,0.0010343983575975453
876100.0,1.0061163499750887,0.0010686978813323332
876200.0,1.0050607127591369,0.0010620684257087768
876300.0,1.0073933596038935,0.0010941033430759976
876400.0,1.0172176166223366,0.0012766390824738958
876500.0,0.994436234003374,0.0008325635322223805
876600.0,1.002796813474176,0.001010148637649433
876700.0,0.9872443374197534,0.0009138189608788947
876800.0,0.9773580199098006,0.0011054294386829162
876900.0,1.0104997121081938,0.0009924616212201
877000.0,0.9959469441214195,0.0004312068649600301
877100.0,1.020846273348309,0.0010176242146470178
877200.0,1.0001537460404455,0.0010704947635406734
877300.0,1.0034568510735793,0.0007567717199137982
877400.0,0.9854420267007175,0.0006380151042975311
877500.0,1.0036519180479035,0.0011080121722139358
877600.0,1.0055284031542928,0.0009192276921087559
877700.0,1.0045211594282655,0.000995384439228396
877800.0,0.9812086088202394,0.0009918159025466297
877900.0,1.0030022503598832,0.0010430603574888106
878000.0,0.9993581953576011,0.0010255520177372373
878100.0,0.978118624730634,0.0004425151160373633
878200.0,0.9959105717303675,0.0008419146360433491
878300.0,1.008266280478971,0.0008890755747923408
878400.0,1.0078907623870026,0.0008666450052753483
878500.0,1.0193495800645085,0.0009446400986485322
878600.0,0.9891948583125553,0.0004820760163361995
878700.0,1.006446413372106,0.0008396947390162047
878800.0,0.9974934534757542,0.0008417681269359034
878900.0,0.9833476028089939,0.0013134736901097975
879000.0,0.9891457934493714,0.0009000161452866184
879100.0,1.0023897942826372,0.0005901002289356954
879200.0,0.9982673313237218,0.0011511224099315695
879300.0,0.990596221354425,0.0005330100163135525
879400.0,0.9791472659340091,0.0005872874921343468
879500.0,0.9940049545448968,0.0008194065884250105
879600.0,0.9780111395505929,0.0010610160306335434
879700.0,0.9916198371139169,0.0008317844543739414
879800.0,0.9989423724661677,0.001181646974375999
879900.0,0.9794405502192459,0.0007058670694160444
880000.0,0.9954883372807457,0.0005286402384717719
880100.0,1.0147763727502146,0.0007341292551708305
880200.0,0.9849314432845826,0.0011698982851198715
880300.0,0.9996748762419811,0.0007532257987379055
880400.0,1.0005051913630076,0.000652955078643734
880500.0,1.0038921036752904,0.0011762341020280698
880600.0,1.011698868116222,0.0008346735465585136
880700.0,0.9914203875338581,0.0005977331836186871
880800.0,0.9870631855950017,0.0007257242140104398
880900.0,1.0017954282458656,0.0007736369494648011
881000.0,0.9948487917385653,0.000919970073893492
881100.0,0.9912096281415835,0.0009959597711960229
881200.0,1.0124323419381203,0.0010115336319350885
881300.0,0.9961829068047724,0.0012974521725878064
881400.0,1.0034063743182353,0.0009361674632858664
881500.0,1.0039210809168093,0.0011602960561438247
881600.0,0.9970618128069054,0.0013192781832711577
881700.0,1.006928794678904,0.0007762992621847212
881800.0,0.9993312660351424,0.0007674695281961138
881900.0,0.9968300541132448,0.0010910956690320008
882000.0,0.971965449350277,0.0007879255330341885
882100.0,1.0039608567522798,0.0012190669607413114
882200.0,0.9935387860420344,0.0005953291359275227
882300.0,1.0197764473086217,0.0007392199505107128
882400.0,0.9801904815675044,0.0007161219288963689
882500.0,0.9844371558634807,0.00061550825044737
882600.0,0.9896900516583802,0.000600516996283232
882700.0,1.0192469444997099,0.0012981406696012643
882800.0,0.9989896253639247,0.0007939335272178363
882900.0,0.9998151819766016,0.0008686225442359563
883000.0,1.0030037400660872,0.0006707124282853669
883100.0,1.0004913041385746,0.0008094986301102425
883200.0,1.0042223498321028,0.0009515701787874682
883300.0,1.0085226458880303,0.0009456570802944048
883400.0,1.001420023839664,0.0009403423211932169
883500.0,0.9935727983370607,0.0012228038556331522
883600.0,0.9960343327840651,0.0012619504055459364
883700.0,0.9828493711523686,0.0007923394453830288
883800.0,1.0118618801125108,0.0008079126893626844
883900.0,0.9938845506853932,0.0009168504158165942
884000.0,0.9907466264172825,0.0009724462809559121
884100.0,0.9835516269945588,0.0009532939841672388
884200.0,0.9767150054494598,0.0007402306245140222
884300.0,1.0080246807914015,0.0007831300943310903
884400.0,1.0012639822100577,0.0006671498033221999
884500.0,0.9833326060725263,0.000849147736884956
884600.0,0.9933400678173537,0.0009488497997516601
884700.0,1.00910476698549,0.0011547313242401018
884800.0,1.0044149303719743,0.0010300301458196417
884900.0,1.001652184872238,0.0009663575855820784
885000.0,0.992188131165125,0.000699068156001172
885100.0,0.9605755704549904,0.0009873140556739156
885200.0,1.015773092787672,0.0006153302866885399
885300.0,0.9936153119528561,0.000673211879867255
885400.0,0.990009892132859,0.0010556986330680278
885500.0,0.9858489546316291,0.0009843896649526418
885600.0,1.0062390485194639,0.0008594284978995914
885700.0,1.0018927279100318,0.0010495668471185596
885800.0,1.013637529945479,0.0012365423737606704
885900.0,1.0149562007132344,0.0009743549917916013
886000.0,1.005293732987978,0.0006843376192014666
886100.0,1.0092914935749782,0.0010839985560982817
886200.0,0.9918914700423502,0.0009196564215637966
886300.0,1.0223657080337916,0.0007255257597587256
886400.0,1.0047854044914777,0.0009274679761178388
886500.0,1.0115185508536189,0.0009002147259192
886600.0,1.0120551079904228,0.001179921005193304
886700.0,0.9961718212283459,0.0011774749683770831
886800.0,0.9970236472879805,0.0007723443236590946
886900.0,0.9957151979291384,0.0008121090364165337
887000.0,0.9841553270799995,0.0008987209062374189
887100.0,0.9928285857113899,0.0008323256084714272
887200.0,0.9782966136536657,0.0009225854809841273
887300.0,1.001428971345172,0.0010147971220833489
887400.0,0.9944022110818035,0.0007617832723433893
887500.0,1.0095129864491246,0.0009051752115417645
887600.0,1.0127417838809187,0.000829377564291934
887700.0,0.990656932275859,0.0009971154170172179
887800.0,0.9891525191770231,0.0009424298099817153
887900.0,1.004031504366232,0.0008208425611004313
888000.0,0.9944896658358543,0.0008473939469180742
888100.0,0.9873533920436354,0.0008744758378302307
888200.0,1.0037673942697858,0.0007826382984409777
888300.0,1.0033205546999904,0.0006108153092838595
888400.0,0.9826742631506861,0.0009511043458323224
888500.0,0.9965908451036087,0.0006932560728765992
888600.0,1.001885487171075,0.001097158563496143
888700.0,1.0102304323625624,0.0013564393622685178
888800.0,1.0026574983544605,0.0008834151904149704
888900.0,1.0062005110673167,0.000806848736201488
889000.0,0.9988943183770362,0.0013111582406983673
889100.0,1.014725028638301,0.0010717885804394675
889200.0,1.029130694322732,0.0009227333592301074
889300.0,1.0230061746373673,0.0011408937222116922
889400.0,1.0027529972320601,0.0012441206410456478
889500.0,1.0041754258887827,0.0008044701062090624
889600.0,0.9954585457997464,0.0009030989565441057
889700.0,0.9845159982740236,0.0012199545592664596
889800.0,1.0035702632053005,0.0008178284627927759
889900.0,0.9661257904073002,0.001080433465512899
890000.0,1.037234407429358,0.000988850639140326
890100.0,0.9828087057505789,0.0008361718007535943
890200.0,1.0083286375263703,0.001000253034774172
890300.0,1.0116461765317681,0.0008258149330931654
890400.0,0.997140818467603,0.0010817394808660258
890500.0,1.0226335551341663,0.0012203850751704986
890600.0,1.0336290309188243,0.0012856724654035521
890700.0,0.9920034425247213,0.0008123778403176807
890800.0,0.9960000083603994,0.000942410776867365
890900.0,1.019530784547932,0.0008197795246820127
891000.0,1.0032613473419059,0.0008659300256290041
891100.0,0.9692270345751297,0.000944512469140925
891200.0,1.0017657731556724,0.0007903320427495702
891300.0,1.0036656473767855,0.0010472587263669895
891400.0,1.0047654079673363,0.0009278937817876196
891500.0,0.9838272658924414,0.0010083743540406623
891600.0,0.9965014033750399,0.0008169043602120055
891700.0,1.017993282483543,0.0011044973374992285
891800.0,0.986668720670556,0.0008111521373048139
891900.0,0.9831754171475173,0.0010859876750438841
892000.0,1.0034342342407838,0.001016740265618067
892100.0,0.9961115296597517,0.0007739188570554655
892200.0,0.9989639586375967,0.000913916373525627
892300.0,1.0026516391506932,0.0008350091483163154
892400.0,0.9941137355409848,0.0010629894025972924
892500.0,1.0000846133223955,0.0008790933592819187
892600.0,1.0150216863743258,0.000861424061371708
892700.0,0.9887664962231434,0.0009679860169815459
892800.0,1.0117993752465033,0.001013206912178858
892900.0,0.9989435950194374,0.0007709641699235258
893000.0,1.0110200661190938,0.0010403058727538213
893100.0,0.9900785901891305,0.0006845735386361868
893200.0,1.0247195880166347,0.0009965010494839015
893300.0,1.0116699116616095,0.0011054559167494795
893400.0,1.0044374218430654,0.0009797264282372787
893500.0,0.9905320483170188,0.000438243798893351
893600.0,1.0047657316870398,0.00097265678345392
893700.0,1.016266901671693,0.0008069922525427385
893800.0,0.9978205563739266,0.0009672997447084298
893900.0,0.9941946068600956,0.0008754983398419217
894000.0,1.0081239334883403,0.0009404624678383935
894100.0,0.9915162548755011,0.0006732643002150114
894200.0,0.9874236349643476,0.0009476007049075447
894300.0,1.0043379333776317,0.0007601968392410652
894400.0,0.9899317101227415,0.0008382373071877962
894500.0,0.9810518440916803,0.0008441279759457335
894600.0,1.018724339044433,0.0009593300695486737
894700.0,1.0044813680634106,0.0010095994890246041
894800.0,1.0003870542788469,0.0010811877576206502
894900.0,0.9900214876547386,0.000827889754345523
895000.0,1.0110842916052942,0.0010341039836538983
895100.0,1.0046333465570652,0.001145566076952692
895200.0,0.9958833780401942,0.0007850666711153434
895300.0,1.0123842209485256,0.0009245021419005856
895400.0,0.9974350507025854,0.0008022837891741796
895500.0,1.0011822629763334,0.0007459310441121296
895600.0,1.005745599461247,0.0006589227713470455
895700.0,1.0143142459102101,0.0009875977183355683
895800.0,1.001408619116728,0.0007990613228420603
895900.0,0.9924443066604844,0.0010918709429611126
896000.0,0.9903490177637975,0.0008607292247442216
896100.0,1.005100167899972,0.0007880586526642571
896200.0,0.9928631476637979,0.00107053694181763
896300.0,0.9935789805340427,0.0009311777404397409
896400.0,0.9739273184182413,0.0009313428982480204
896500.0,1.013176359953151,0.0012155348796663232
896600.0,1.016130479683635,0.0010810261817690724
896700.0,1.0327234602598319,0.0011948402629053947
896800.0,0.9823102441683077,0.0007966246160472054
896900.0,1.0033600874552961,0.0009822165989954348
897000.0,1.0195075318065265,0.0011842298765213485
897100.0,1.0082708802725042,0.0006650235349833824
897200.0,1.0006823370822675,0.0007994099088317666
897300.0,0.9805551510623683,0.0007319904594569172
897400.0,1.0025538843862136,0.0010274823070813219
897500.0,0.9964386950084847,0.0010999546267128762
897600.0,0.9922121150837162,0.000958099691194404
897700.0,1.005602987714747,0.0009699352381249869
897800.0,1.0169745096598681,0.0009695497749082013
897900.0,1.010776630525539,0.0006318150416294619
898000.0,0.9913201435756063,0.000807618529258687
898100.0,1.006964713046245,0.00074526804710344
898200.0,1.0146566203769247,0.0007036173613086448
898300.0,0.9921629280635488,0.0009001491386014777
898400.0,0.9883498122119251,0.0009534024752368668
898500.0,1.012676249377075,0.0009140801492928737
898600.0,1.0256720342378867,0.0011400100182827545
898700.0,0.9982267180815998,0.0009378315824910503
898800.0,0.9836639446104932,0.0006885577713355494
898900.0,1.0042573417897331,0.0011214318968438084
899000.0,1.004807240427651,0.0006622732059386037
899100.0,0.9884869981988862,0.0011147601353559632
899200.0,1.003075665282616,0.000949202381382158
899300.0,1.0039338494973276,0.0008544002755205915
899400.0,0.9939749189319415,0.0010307233509060177
899500.0,1.0148439631144903,0.0008468945017605763
899600.0,0.9904725035698694,0.0009911935146435056
899700.0,1.0115300687288256,0.0009328602198505213
899800.0,0.9905378373579671,0.000670142906394804
899900.0,1.014262311589902,0.0008701607530113704
900000.0,1.0057090322777458,0.0010007479020842877
900100.0,0.9914179859310112,0.0010029544635055945
900200.0,1.0172708126966665,0.0009099814090802458
900300.0,0.9968144239463955,0.0010365692328214529
900400.0,1.0143133122337875,0.001242951277081085
900500.0,1.0268772265428878,0.0009205403090755529
900600.0,1.0135794846910149,0.0011485807406940794
900700.0,0.9963268614605745,0.0007565622890470541
900800.0,0.9727408436306231,0.0007266598506040872
900900.0,0.9914167153481516,0.0006951279131391545
901000.0,1.0058175096966588,0.0006785661581146816
901100.0,1.0026095496080032,0.001051772529702379
901200.0,1.007918827803737,0.0007097213460488655
901300.0,0.9927597539181122,0.0010297264485210522
901400.0,1.0049056002430041,0.0010020211874952843
901500.0,1.0033908040882258,0.0005234564084365158
901600.0,0.9776741999932097,0.0007354919187902618
901700.0,1.0098859837874201,0.0010161748230526132
901800.0,1.0063701102450053,0.0011776538739413488
901900.0,0.994382784147951,0.0011602773538454778
902000.0,0.990532901361414,0.0008695874133511457
902100.0,0.9873050875150746,0.0006764688838891256
902200.0,1.0076734038749116,0.0008628808417077891
902300.0,0.9879328519098641,0.0008943681065556598
902400.0,1.0086596880335208,0.0006267958755254689
902500.0,1.0122658057963114,0.0010693114257112482
902600.0,1.006321285026081,0.000917232630177043
902700.0,1.0123213705573846,0.0009159403724279517
902800.0,0.9862064647955683,0.0006504423171525618
902900.0,0.9794376691132755,0.0009377125375862256
903000.0,0.9956409356963686,0.0008302124604197225
903100.0,0.9856603368016407,0.0009822724245019399
903200.0,0.980466434776637,0.0009430180251637642
903300.0,0.9801159992924207,0.0011247973810655392
903400.0,0.9977863426027201,0.0006491349730019573
903500.0,1.0015710856401283,0.0010730068218628094
903600.0,0.9754723923808845,0.0010047607617441798
903700.0,1.0271144004743193,0.0007953386654490273
903800.0,1.011458191558781,0.0009000863742726509
903900.0,1.0128452386818425,0.000725748864965025
904000.0,0.9949293330930713,0.0009413312784048506
904100.0,1.00037670648968,0.0010029585432585484
904200.0,0.9869445777470954,0.0009090426053937669
904300.0,0.9889256564632328,0.0011280467556743386
904400.0,0.9899026777908092,0.0009269140236454574
904500.0,0.9984924870265526,0.0010279304798738757
904600.0,0.9897995824972912,0.0007934337686421578
904700.0,0.9994849489294448,0.0007549527045386768
904800.0,0.9955955130001496,0.0009286560636696948
904900.0,0.9708056400012331,0.0006137364269591442
905000.0,1.0124770921650574,0.0007088047558285715
905100.0,1.0009174285929863,0.0007320312807213179
905200.0,0.9956479612785737,0.0009716332118825636
905300.0,1.0008888664334772,0.0008616921317897839
905400.0,1.0121009375949443,0.0008276147143108944
905500.0,1.018848929458018,0.0009444390279833008
905600.0,0.9930206231217524,0.0007558321572817574
905700.0,1.017749357718309,0.0009519110779994788
905800.0,0.9931545611733356,0.0007666970944942826
905900.0,1.0014277420648052,0.0013918475776156904
906000.0,0.9834799438931614,0.0007044974993581608
906100.0,0.99911020014776,0.0006701052042238313
906200.0,1.0134586810343496,0.0009934571788558233
906300.0,0.9960397239646828,0.000901686687655036
906400.0,0.9871048614671335,0.0007075471360328198
906500.0,0.9965198417453872,0.0009231376923518435
906600.0,0.9966154907621031,0.000867489827999605
906700.0,1.0237993001273928,0.0010034463082892525
906800.0,1.0131465272474425,0.0009120000613782722
906900.0,0.9944473766811337,0.000929802797389325
907000.0,1.0099671252449436,0.0008500635892862527
907100.0,1.0097466502631371,0.0007664950595327539
907200.0,0.9943383815256323,0.0005019168770355395
907300.0,1.030016769857624,0.0009108643090889979
907400.0,1.007145232632563,0.0010364074404827792
907500.0,0.9951256506333647,0.0006240576669051003
907600.0,0.9929293192819634,0.0009298907031554157
907700.0,1.0071236568185464,0.0008546328565352285
907800.0,0.9984958586833733,0.0009468437184302924
907900.0,0.9937307425086704,0.0009311014180033414
908000.0,0.9791652628956854,0.0010191835596025005
908100.0,1.0036075785265612,0.0006097946295021281
908200.0,1.0045113623270723,0.000998673837664175
908300.0,0.9745074711214712,0.0005331970189101825
908400.0,1.0006111436704221,0.0010610321817668942
908500.0,1.0009262113506947,0.0009940988085984244
908600.0,0.98402766633878,0.0010672916140184842
908700.0,0.9843521269327679,0.0007658609777089027
908800.0,0.9853770802045666,0.0007606891348048373
908900.0,0.9785143887864036,0.0009001981396751414
909000.0,0.9988496000199988,0.0010331801155536754
909100.0,1.0130876263554427,0.0005729411661411946
909200.0,0.9856485135362133,0.0009602984963281072
909300.0,1.0117006985495907,0.0007143552268885663
909400.0,0.9761358193135364,0.001101930295611948
909500.0,1.0152291123881687,0.0009672577422041865
909600.0,1.0093127767122123,0.0010155380138709511
909700.0,0.9912069992992875,0.001062514937085171
909800.0,0.9951229713969465,0.001030948509695621
909900.0,1.0077685489938022,0.0008436194376455721
910000.0,1.0238680060648313,0.0007954885887474849
910100.0,0.9965508133420112,0.0008013508499731518
910200.0,1.0017977042074029,0.0006224541699802833
910300.0,0.9914458937564341,0.0009260978918419142
910400.0,0.9923281287862646,0.0010083819875000807
910500.0,1.001058695018324,0.0009902662735837302
910600.0,1.008903283041773,0.0012898604624470456
910700.0,1.0067041464147752,0.0010242457335357367
910800.0,1.0201679853756809,0.0009353598304670545
910900.0,1.018455960803611,0.0010188764037502673
911000.0,1.0132756833134375,0.0007412256087656218
911100.0,1.022305585016933,0.0010106025121456713
911200.0,1.0352696685621692,0.0008287763880377034
911300.0,1.0116049333140171,0.0006592619254428875
911400.0,0.996152167442417,0.0007534422621154484
911500.0,0.9829193335310936,0.0010226905975372397
911600.0,1.0055419295077792,0.0008685540634351556
911700.0,0.9924289153235611,0.0009275607267732068
911800.0,0.9791951085560746,0.0006750158734257202
911900.0,1.0067455116359487,0.0007989777463878716
912000.0,1.0145563344033217,0.0009481391783321204
912100.0,1.016608796508704,0.0009915886384413324
912200.0,0.9855063042771374,0.0006289658629929048
912300.0,0.9880788193066317,0.001283462761272746
912400.0,1.0055408084585777,0.0009460252404652956
912500.0,1.0182958842210317,0.0009779237374640819
912600.0,1.0017544439164703,0.0007747988189815672
912700.0,1.0127728927162771,0.0009674793296993108
912800.0,0.9915986202380395,0.0005868597195737686
912900.0,0.982337809310681,0.0006245582516003205
913000.0,1.001817302841429,0.0007415028930951434
913100.0,1.0026204164969275,0.0009352166005499212
913200.0,0.988584701463791,0.0009418308625997398
913300.0,1.0025251447664651,0.0008949998912886473
913400.0,0.9900076594483272,0.0008101543044214689
913500.0,1.0075717314341088,0.0007049051492806125
913600.0,0.9734401278459092,0.0008537307291358191
913700.0,1.0121531404534236,0.0008269990331620626
913800.0,0.9895017501311046,0.0010784761777591564
913900.0,1.0054084534394612,0.0007936177582077036
914000.0,1.0046724071739837,0.001088872219544701
914100.0,1.0154076361404725,0.0013011249563771872
914200.0,0.9733985036899758,0.0009062633367549502
914300.0,1.00115952146745,0.001159457236937917
914400.0,1.0084223343765832,0.0009080662105801586
914500.0,1.0170931382841837,0.0012611614678414464
914600.0,0.9810252612706066,0.0009019170763772646
914700.0,0.9934859435931169,0.001159665650924865
914800.0,0.9997522459539022,0.0010010604104420569
914900.0,1.021682200388945,0.0007989843570648449
915000.0,0.9926469122459827,0.0007833050215516654
915100.0,1.0055469762738196,0.0008708310691275736
915200.0,1.0061530954663265,0.0008548857500719256
915300.0,1.0127440655374527,0.0007719166793255928
915400.0,1.0216272840625589,0.0010072327503238892
915500.0,1.0041330902201124,0.0009285969732112212
915600.0,0.9755735219717905,0.0008518882115526277
915700.0,1.0057375044168946,0.0005952521498492821
915800.0,1.0038267288844467,0.0007851055883918926
915900.0,1.0059492077414676,0.0010956760526338789
916000.0,0.9919147188163563,0.0011192002878971819
916100.0,1.0035781159748987,0.0012037816472197265
916200.0,0.9834377572856506,0.0009696637988081095
916300.0,1.0037931257504389,0.0008209337160905659
916400.0,0.9910384182860972,0.0009414048479880515
916500.0,0.9855307094516038,0.0011252408246323728
916600.0,0.9983256318659008,0.0012142840419828798
916700.0,0.9766134943830815,0.0007521598449470584
916800.0,0.9986316548779687,0.0007063645342438767
916900.0,0.9860023368093455,0.0011175412953380397
917000.0,1.0035022651786198,0.0009382364141073967
917100.0,0.9808859976188379,0.0010682674235701897
917200.0,0.9954148927953708,0.0009264004181904115
917300.0,0.9855513524969682,0.0007100896976080717
917400.0,0.9982408236266272,0.0005436209226004629
917500.0,0.9994333692295879,0.000736524394439092
917600.0,0.9991414114134611,0.001114439178275929
917700.0,1.001514890341468,0.0012364876923346756
917800.0,0.9983016753680674,0.0008235220443011824
917900.0,0.9969433308970836,0.0008977231971448037
918000.0,1.0135250999858367,0.0012066338075517422
918100.0,1.0104566809857514,0.0010003417368325792
918200.0,0.9981288669919696,0.0009782312870811334
918300.0,1.001698954699399,0.0007963081683931295
918400.0,0.9918577769523355,0.0010887873459849424
918500.0,0.9884089934191285,0.0009827562589879522
918600.0,1.0221273595615707,0.0009475150719602963
918700.0,1.0175116182135528,0.0009206550981983244
918800.0,1.0073846339995698,0.0010119406070905118
918900.0,1.0257650590328704,0.0011224200921811068
919000.0,0.9993492293442066,0.0010751046114802038
919100.0,0.9973803245683139,0.0008303037939110528
919200.0,1.004572211406067,0.0007522052043987149
919300.0,0.9910571593041866,0.0010603387438178273
919400.0,1.0039800187581949,0.0008986033119690318
919500.0,1.0050229455899562,0.0010324870923993303
919600.0,0.9972964924403642,0.0007917459462698914
919700.0,1.0044618535642862,0.0011422158166690046
919800.0,0.9927341312802647,0.0010140736169999282
919900.0,1.009397681886406,0.0010112738111811438
920000.0,1.0163348890083022,0.0006956411869681949
920100.0,1.0019355040274953,0.0009096011196434643
920200.0,0.9860566886074789,0.0010451219472940151
920300.0,0.9915132286595866,0.0010225085993982893
920400.0,0.9873755077084344,0.0005691084607393322
920500.0,0.9926634104608537,0.0009118702941896576
920600.0,0.9798279382359921,0.000857116428219742
920700.0,0.9966895507300357,0.0009366045898045538
920800.0,0.9983330150906993,0.0007224971412408154
920900.0,0.9936094848836496,0.000989120985660396
921000.0,1.0157443651403264,0.0011424689162950492
921100.0,1.013547854364325,0.0009218894909546407
921200.0,1.0036240963297287,0.0013216656092030253
921300.0,1.0062858881237922,0.0011414868555809886
921400.0,0.989757913015702,0.0009515958145848731
921500.0,0.9912037466881176,0.0010599972217148017
921600.0,1.0123644879945854,0.0008717428391279613
921700.0,0.9938954848732112,0.0011389737756445871
921800.0,0.9911358207994322,0.000990913003849764
921900.0,1.0039373259934525,0.0007474241456332352
922000.0,1.0101104964104397,0.0007389575136868773
922100.0,1.0022308998788536,0.0008687954767235686
922200.0,0.9864079189221477,0.0008611596827529774
922300.0,1.0048764050870136,0.0007474372901464406
922400.0,1.0180091401483966,0.0008589237199461717
922500.0,0.9896958493509582,0.0011381387525596096
922600.0,0.9895649550437516,0.0007482039648120508
922700.0,1.0039696549535952,0.0008548557678419421
922800.0,0.9946529321080884,0.0011145120093448671
922900.0,0.9853210705721682,0.0009277311232780442
923000.0,0.9890487630225686,0.0007224021870718316
923100.0,1.0031893985059148,0.0008631708974507224
923200.0,1.0023742071826658,0.0010359488765970487
923300.0,1.0282866375673916,0.001010925116715822
923400.0,0.9884023243599036,0.0009264403448179141
923500.0,1.0078187556131981,0.0007705072294071472
923600.0,0.9882544428475636,0.0009714965928559839
923700.0,0.9932253176386909,0.001022078716938732
923800.0,0.9991844255004498,0.0008412216561295365
923900.0,0.9974701170251739,0.0009380144177347134
924000.0,1.005957482153229,0.0009622696972596252
924100.0,0.9866391533562826,0.0007115325344230814
924200.0,0.9919869229128084,0.0009308019669824137
924300.0,0.9979484087883899,0.001105579801426835
924400.0,0.9976124849480755,0.0009518920458946189
924500.0,0.9945135807271919,0.0006728816594116405
924600.0,0.9931661675885052,0.0009502500619338979
924700.0,0.9970410807904102,0.0008270036024979772
924800.0,1.0022124011829157,0.0010076412469171823
924900.0,0.9779796398983484,0.0006432566641835575
925000.0,0.993931717751686,0.0007571570439779971
925100.0,1.012872187244029,0.0009067243115401336
925200.0,0.9909884313668909,0.0007530208907347365
925300.0,1.0070043293046556,0.001058469200841322
925400.0,1.0058910907984118,0.00107836281440235
925500.0,0.9933557277915404,0.0009676369831080504
925600.0,1.0031203687896406,0.0007050051636636926
925700.0,0.9975603856878441,0.0004079750883488251
925800.0,1.0145187668543294,0.0008124548218421904
925900.0,1.0127692314413494,0.0008129965215159488
926000.0,1.0119429805721754,0.0006298565263801859
926100.0,0.991567112057917,0.0008676492002683498
926200.0,0.9850472485249309,0.0010027048582871543
926300.0,1.0203562602582175,0.001104025580546346
926400.0,1.0000705821870823,0.0012559987997150949
926500.0,1.0068554214524907,0.0008500023797118092
926600.0,1.0005253090329613,0.0006020127072936888
926700.0,0.9959204219324982,0.001179062294433148
926800.0,1.0095654482554122,0.0008467607176641846
926900.0,0.9709458809115914,0.0008071802081478355
927000.0,1.006396301012256,0.000925654179738268
927100.0,0.9929649455698611,0.0010244557924481746
927200.0,0.9929756959958715,0.0010141974857749117
927300.0,0.9892838244143075,0.0009318012812651145
927400.0,1.0193725690394566,0.0009617297242306937
927500.0,0.999437978070064,0.0009537383218705395
927600.0,1.0148799804244115,0.001204733164707384
927700.0,1.0089218709897505,0.0010431495092214607
927800.0,1.0155658094276065,0.0011866390226257578
927900.0,1.025491424332322,0.0008379624459626337
928000.0,1.013756293238579,0.0008642130559460212
928100.0,1.0189954964329069,0.0011010584475724876
928200.0,0.9942562327487445,0.0014281666810295743
928300.0,1.001506228366425,0.0009497632007041433
928400.0,0.9923392586683052,0.0009561939238989384
928500.0,0.9926637675519293,0.0010571104723475476
928600.0,1.002690126633759,0.0009344752229851731
928700.0,1.0155805497761041,0.0007861500325548849
928800.0,0.9916157963966227,0.0008288124320782215
928900.0,0.9733270189429793,0.0008943090411170469
929000.0,1.0046155971723534,0.000585913760112623
929100.0,0.9967777571264818,0.0010776729932844185
929200.0,0.9935788728250211,0.00093791917309537
929300.0,0.9950285765666979,0.0008771160138097036
929400.0,0.9889383257508291,0.0008658797254271388
929500.0,0.9891162706308393,0.00081256516379168
929600.0,1.00200290415275,0.0009808280097025226
929700.0,0.9957824967190825,0.0008586235698430834
929800.0,0.998347809377409,0.0007503282101230815
929900.0,1.0005859689824244,0.0007661364698808438
930000.0,0.9962639691200857,0.0007984602572201319
930100.0,0.9891374115810814,0.0005697705835667788
930200.0,1.0131386234013495,0.0008696830053714398
930300.0,1.0161612919944594,0.0010373335066865116
930400.0,1.0191253327000669,0.0008999122823827283
930500.0,1.0164083614046442,0.0006981724658010814
930600.0,1.0044181839562054,0.0009271037505475884
930700.0,1.0059192587408545,0.0008460377648438578
930800.0,1.0020029240428934,0.0009432182952175574
930900.0,0.9929097237253113,0.0005646501835194509
931000.0,0.9969100740909649,0.0009488645482860597
931100.0,0.9973213684393418,0.0008776027885964643
931200.0,1.0256446974814428,0.0007712999493752
931300.0,0.9963424924261308,0.0006155915407780748
931400.0,0.9900605322762738,0.0005351525690397593
931500.0,1.0000150143866673,0.001261708193965179
931600.0,0.9854688637887303,0.0010996294857028082
931700.0,1.0009450379902485,0.0010299372809134018
931800.0,0.9958457377511156,0.0012357082725887197
931900.0,0.9917613998332578,0.0008827831378271162
932000.0,1.0104529853432775,0.0009901541928013942
932100.0,1.0179216868989327,0.0005493431544740261
932200.0,0.9916381285541241,0.0011326371719456141
932300.0,1.0006479719631365,0.0009459559532927158
932400.0,1.003357469104926,0.0010092204836993576
932500.0,1.018814894135122,0.0009718551452625236
932600.0,0.9863065163348987,0.0011284786805602844
932700.0,1.0046952071865367,0.001214455466491797
932800.0,1.0118592261082604,0.001274645857462311
932900.0,0.9989188108495424,0.001078792664221111
933000.0,0.9973305795596906,0.0009853460447675525
933100.0,0.9992213719759423,0.0006415233847238613
933200.0,0.9970666555050256,0.0012886012673547266
933300.0,1.0006415261152057,0.0007456372594747215
933400.0,0.9881661377480333,0.0010004941265229239
933500.0,0.994064097114343,0.000809597834767574
933600.0,0.9852727918576083,0.0010311934947004214
933700.0,1.0080206924411899,0.0012024441998149827
933800.0,0.9992730815814714,0.00043216914005687635
933900.0,1.0040911929320018,0.0009102925805933701
934000.0,1.0048534819701294,0.0008638634476979833
934100.0,1.0064010985702332,0.0009212506932744995
934200.0,0.9985776582068026,0.0008760125815653165
934300.0,0.9842638308264036,0.0007609609405133357
934400.0,0.980983580006221,0.0009019526204085705
934500.0,0.9914875248350224,0.0004976221060227358
934600.0,1.006566332818121,0.001037756076494808
934700.0,0.9982335200101372,0.0007401914128209799
934800.0,0.9948505240752881,0.0007317290580872024
934900.0,1.0108949974017605,0.0010955191888409963
935000.0,1.0073151250863965,0.0007660459452734701
935100.0,1.0187553150010817,0.0009948001074208416
935200.0,1.0049125284162397,0.0009526227883464336
935300.0,0.9800312357367553,0.0008454886312618034
935400.0,1.0020697074902902,0.000909369059118939
935500.0,0.9903361694118352,0.0009083929805676816
935600.0,0.998972882118898,0.0007836066253592063
935700.0,1.0058615213937685,0.0007971700956906222
935800.0,0.998711769327086,0.0009704755444177292
935900.0,0.9963246857685656,0.0008506007377237735
936000.0,1.0019339923010986,0.0009981038948485002
936100.0,1.0269910346958813,0.0009944942503355124
936200.0,0.9824748475018283,0.0008762628401511897
936300.0,1.0051882865890505,0.0008556788792046714
936400.0,0.9948781340214817,0.0007384474363003708
936500.0,0.9736474678537625,0.0007468666193002756
936600.0,0.9957861593935667,0.0010444341404954502
936700.0,0.9842172328779092,0.0008146219505882528
936800.0,1.0100165672956,0.0008314923161081056
936900.0,0.9983427870630504,0.0009329312905138811
937000.0,1.004040047132047,0.0008046109639868063
937100.0,1.0172982215475859,0.000839625594096059
937200.0,0.989605357423438,0.000661428161193818
937300.0,1.012238004225349,0.0010652934147454209
937400.0,1.009159823787478,0.0010841552964202868
937500.0,1.0041055206145557,0.0007261376147896355
937600.0,0.9969184765615712,0.0009368120377304356
937700.0,1.004846777829849,0.0009689503462803084
937800.0,0.9816733308284971,0.0007688243426173213
937900.0,0.9746748412035047,0.0008313483549189844
938000.0,1.0028986468762082,0.0007284558783365432
938100.0,1.0057592195616443,0.0008274166194996807
938200.0,1.0034234461433298,0.0011147629566743073
938300.0,0.9760560811213349,0.0011017896858348448
938400.0,0.9965684325556393,0.0006644118837983169
938500.0,1.0039525033555938,0.0008287565315128156
938600.0,0.9741206734738493,0.0007748545338107323
938700.0,1.004626356169356,0.0008210149707021092
938800.0,0.9976037808271001,0.0009229291094556048
938900.0,1.0305960747464782,0.001016468844484644
939000.0,1.0150185505663643,0.0008399580853541921
939100.0,0.9848851650250775,0.000904569879939028
939200.0,1.0032471356002177,0.001112509437129556
939300.0,0.9841498608853829,0.0009054637441501516
939400.0,0.9913096879579871,0.000920214021313908
939500.0,1.0246820741565759,0.0010876478533146017
939600.0,1.0036629800628951,0.0008902813157726962
939700.0,1.0009613397071762,0.0008630622718082839
939800.0,0.9953827618033249,0.0007991543092090134
939900.0,1.0033088784959436,0.0007742363988300082
940000.0,0.9990943565159383,0.0010295595705536096
940100.0,0.9957543503558784,0.0010167044259276738
940200.0,1.0044603337964466,0.0008987530740619447
940300.0,1.0056820948658172,0.0012872248774129312
940400.0,0.9837131888379674,0.0008148632131506946
940500.0,0.9904130578685615,0.001074341117315623
940600.0,0.994086220367277,0.000758571130244054
940700.0,1.0004065140860046,0.0009402942819623798
940800.0,1.0111712589476027,0.0008861320797532799
940900.0,1.0080465366011417,0.0007375196468084576
941000.0,0.9943000418276003,0.0008984158832367094
941100.0,0.9945999723004444,0.0011082258818293997
941200.0,0.9844417421788204,0.0009415033318678084
941300.0,0.9964804686748513,0.0008943817380215033
941400.0,1.0059056547657335,0.0010378650289054828
941500.0,1.019716559538563,0.0008379681889553587
941600.0,1.011628072678861,0.0009081402379571793
941700.0,1.0249603922719055,0.0008310923631787261
941800.0,1.0155271651858055,0.0007741787560040308
941900.0,1.001144029840259,0.0010126983590122724
942000.0,1.0208403276529203,0.0011190950512780036
942100.0,0.9652638081929682,0.0007767701489165169
942200.0,1.002700796526086,0.0008699901588597154
942300.0,1.00699914471865,0.0005782505912120754
942400.0,0.996285864137529,0.000985301547711376
942500.0,0.9927749455099333,0.0010473158721832042
942600.0,0.9983429500009178,0.0009327493424186133
942700.0,0.988707715175073,0.0009648368309013458
942800.0,0.9944951607025615,0.0009516297272796543
942900.0,0.9977303098272114,0.0008935786625771393
943000.0,1.0166291190077332,0.0009631910439836597
943100.0,0.996275610952865,0.0012247019824074884
943200.0,1.028395412499947,0.0012444555148757239
943300.0,1.0008926464534416,0.000992859176252533
943400.0,0.9853380113803228,0.0007220540896445446
943500.0,1.0064055017352964,0.0008750148494673488
943600.0,1.0062460050680455,0.0011518221378745506
943700.0,1.0011618753585263,0.0009156704895712233
943800.0,1.001704822995028,0.0010984522419206185
943900.0,0.99832473881621,0.001225199325581788
944000.0,0.987276237156738,0.0005779575881075245
944100.0,0.9977499559294758,0.0009415942060235867
944200.0,1.007020935695595,0.0012242748246991246
944300.0,1.0006697841160346,0.0009457360231054814
944400.0,1.0011778612602038,0.0007022304293669326
944500.0,0.980680854122113,0.0009668084309270063
944600.0,0.9957395670646474,0.0009316463617578266
944700.0,1.0016523625105582,0.0013766024262864994
944800.0,0.9928609808083393,0.0012590035861591185
944900.0,0.9959334810835653,0.0007979716705773675
945000.0,1.0169980147372755,0.0012651454683577294
945100.0,0.9919468020068963,0.0013499502675659609
945200.0,0.9846169305687639,0.0008141611627737705
945300.0,1.0128976282707438,0.0010366255151240953
945400.0,0.9730435489930369,0.000974205781348138
945500.0,1.019252017115851,0.0006505177521025872
945600.0,1.022087544432327,0.0009247962095542825
945700.0,1.0156589511176468,0.0008055957183508449
945800.0,1.0070010832744156,0.0011453047186069953
945900.0,1.005287566546455,0.0009544052258630741
946000.0,0.97122868386819,0.0010806853177185245
946100.0,1.0073478414497488,0.0009779554198981225
946200.0,0.9961993525861382,0.000991852711141183
946300.0,0.9853039245724792,0.000903449764792089
946400.0,0.9990096933603723,0.0007703886985354906
946500.0,0.998276883846017,0.0008266720850800121
946600.0,0.9594215273955313,0.0005215723056287795
946700.0,1.007109299811673,0.0009550172904232351
946800.0,1.0021308668735736,0.0008161509056245491
946900.0,0.9931029393107796,0.0010156554426763316
947000.0,1.000334111263622,0.001012611294233243
947100.0,0.9769991664255157,0.0008094474333565612
947200.0,0.9939599226428455,0.0010505770517086916
947300.0,1.0015418375237413,0.0007258572826083908
947400.0,0.9923955733505124,0.0010933142330211585
947500.0,0.9992901238311561,0.0011780167879480452
947600.0,0.9872014201896603,0.000792033121522521
947700.0,0.991458079591262,0.0007412900015600501
947800.0,1.0231384568014261,0.0016079749119469473
947900.0,1.0105903274892039,0.001175392932591049
948000.0,0.9813868016808152,0.0009054977890081918
948100.0,1.0141715124089397,0.0008427358319975483
948200.0,1.0078322418217458,0.0013334655255756729
948300.0,0.9886030335645075,0.0008367239732474534
948400.0,1.0171057628764135,0.0008785070524668432
948500.0,0.9755627257986469,0.0009319629547540432
948600.0,1.019999744361359,0.0007924372265348452
948700.0,0.9877139948218304,0.0012441152987914081
948800.0,0.9794555666504902,0.0008420518349399084
948900.0,1.0084481733367954,0.0006411641127222556
949000.0,1.0190984775439536,0.0007300065759943625
949100.0,0.9944491153336257,0.0012290136424723424
949200.0,0.9819362102346472,0.0009666074354390656
949300.0,1.0010895672513378,0.0009414378557675228
949400.0,0.991707874667792,0.0008196361014479681
949500.0,1.0064425919642663,0.0009979033749266714
949600.0,0.9752886252396951,0.0008138969197445562
949700.0,1.0051450283484398,0.0009783678556186857
949800.0,0.9987133715528324,0.0009699887945549611
949900.0,0.9806418272693666,0.0011219730927783274
950000.0,1.0087721537754897,0.0009595156951759441
950100.0,0.9898672588964667,0.0005567437751057838
950200.0,0.9882696772724717,0.0005658885944847039
950300.0,1.0160438979332103,0.0009626486792517698
950400.0,1.0062816897582496,0.0008926615582138288
950500.0,0.9851794525874147,0.0010559456548558824
950600.0,1.0018410464298566,0.0007992120279034636
950700.0,0.978819715395712,0.001029138626209645
950800.0,0.9712975087375789,0.0011431747477935734
950900.0,0.9855137791555888,0.0010194637279832843
951000.0,0.9815093099281639,0.0006691204765398065
951100.0,0.977238207326108,0.0011609841973401365
951200.0,1.018373008317321,0.0008173271155618526
951300.0,0.9917024116168244,0.0011967695341574911
951400.0,0.9752947697433928,0.0006424577351895085
951500.0,0.9932550635231696,0.0012201005756484933
951600.0,0.9893988805886805,0.0009398775687768319
951700.0,1.0176925165300719,0.0008722943023291098
951800.0,1.0016382056945754,0.0011733141467045656
951900.0,0.9904497624270541,0.0011920990063155178
952000.0,0.9952001886086058,0.0006143685969979488
952100.0,1.0040590610296831,0.0008601471378578317
952200.0,1.0050661250288444,0.0014154654382417422
952300.0,1.0064702156941505,0.0010766887815685342
952400.0,1.0034872118845062,0.0010746770476733054
952500.0,1.009596745755295,0.0007560686685666402
952600.0,0.988064628606208,0.0010014389087953347
952700.0,1.0120082961015144,0.0007891346868291652
952800.0,1.0081740224949531,0.0006072616332002532
952900.0,0.9854572703793901,0.001140262740671149
953000.0,1.023937647660183,0.0008929971027541287
953100.0,0.9942489478450678,0.001200389557896902
953200.0,0.9934722400093754,0.0008842969648903591
953300.0,1.0040342213262103,0.0009550474516565711
953400.0,0.9972604027750979,0.0008101843278411942
953500.0,1.0079612104095614,0.000594789006238186
953600.0,0.983915053601099,0.0007011853073452776
953700.0,1.0116581334373531,0.0010481288849833585
953800.0,0.9973624969252884,0.0009025245761278087
953900.0,0.9959768300639485,0.00074918474082563
954000.0,0.987664811722218,0.0006459537238582655
954100.0,0.9850182762710544,0.0006431147183208146
954200.0,0.992424471345834,0.0010368462805926298
954300.0,1.0042415240031677,0.0009617211177052758
954400.0,1.0017433378080276,0.0007119480641196781
954500.0,1.012296131269097,0.0007918948244362357
954600.0,1.0070388378955928,0.0010731088939677383
954700.0,0.98709601418863,0.000718200401992412
954800.0,0.9988401686408318,0.0009740368393498874
954900.0,1.0128471133081116,0.0010268760206749827
955000.0,0.971381935112618,0.0006909109714234139
955100.0,1.0166583085032188,0.0009291386012369214
955200.0,1.0117233799144247,0.0009088630777783199
955300.0,1.001356106482377,0.0007132252612392648
955400.0,1.0114370635170282,0.0010288572440467106
955500.0,0.9974953425598989,0.0008199781104798279
955600.0,0.9881158083701563,0.0007329858100778378
955700.0,1.0063810472740216,0.001151155331688865
955800.0,0.9777446546901565,0.0007261734325858972
955900.0,1.002222555607201,0.0009354016966037388
956000.0,0.9890637919950256,0.0009025871004388774
956100.0,1.0120846357940523,0.0008807231762466839
956200.0,1.003286193427809,0.001057508536751685
956300.0,0.9842231662637043,0.00101937289276274
956400.0,1.0015166517758165,0.0009047820152376433
956500.0,1.000108637848471,0.0009956375613976733
956600.0,1.0007148139532673,0.0010425068437548712
956700.0,1.0136390792324552,0.0008315094059912551
956800.0,0.9811059579161161,0.0008658100423139582
956900.0,0.99782921489303,0.0010027549320121049
957000.0,0.9925382326209848,0.0005820464310521197
957100.0,0.981522641934229,0.0008807341417752606
957200.0,1.0124836114202034,0.0009660689675379864
957300.0,1.0033260546193234,0.0010865826237053575
957400.0,1.0003872038248325,0.0011723846946459775
957500.0,1.0231751261590665,0.0009397855366708723
957600.0,0.9731660605234018,0.0006364204037011599
957700.0,0.9858789541280363,0.0009306870174348084
957800.0,1.00630322642624,0.0007016646784291541
957900.0,1.0088266319299024,0.0011970788910581399
958000.0,1.0052480271376736,0.0008109808616911772
958100.0,0.980863400600736,0.0007432487830404904
958200.0,0.9913246066751868,0.001035468607009001
958300.0,0.9989671992548479,0.0010351317640251677
958400.0,0.9904375792362331,0.0006932572419386017
958500.0,0.9951809642371201,0.0011736845739913188
958600.0,1.0054940686155465,0.0010822354179446545
958700.0,1.0011624364543463,0.0007879911254441891
958800.0,0.9856007658755749,0.001035899101494384
958900.0,1.0008186147013678,0.0010032432943340211
959000.0,0.9691896546640713,0.0006694201666696203
959100.0,0.9847967185390335,0.001089214466368758
959200.0,0.9787469534910168,0.0009872473011222063
959300.0,0.9963008661578386,0.0011998445753930334
959400.0,0.994162141647082,0.0008035660351234666
959500.0,1.0181388136555816,0.0008414877777529057
959600.0,1.0074278064968172,0.0010226496663960066
959700.0,1.020490295434276,0.0007405216928567463
959800.0,0.9942192864154175,0.0006863323391342713
959900.0,1.0278849947199138,0.0005071901215442101
960000.0,1.02904560398119,0.0011194725143108116
960100.0,0.9772103476160149,0.0006896890572300593
960200.0,1.0144122632550345,0.0010587797828362363
960300.0,1.002351727159134,0.0009530812596195449
960400.0,1.0114334880425409,0.000863018719235672
960500.0,1.0077843108605353,0.000633837467955672
960600.0,1.0011697243712296,0.0012186685915171987
960700.0,1.021605581257644,0.000851501423366076
960800.0,1.002847254222172,0.0009221527619351078
960900.0,0.9908459519807616,0.0008898582226308019
961000.0,1.0188852809215976,0.0008910352754773483
961100.0,0.9888926589031352,0.0011760698920951199
961200.0,0.990506931994333,0.0008590083749195461
961300.0,0.9997112571423764,0.000988948271021758
961400.0,1.008626114391901,0.0008306751154231292
961500.0,1.0134703197845638,0.0013084545893407543
961600.0,0.9929124690646405,0.0007452482574538664
961700.0,0.9943809107348499,0.0008302623135536967
961800.0,0.9904303932184704,0.0011051604287256622
961900.0,0.9987820278670249,0.0008993026461161406
962000.0,0.9887017924240226,0.001146693542318776
962100.0,0.9972423886430983,0.0010606569586470804
962200.0,1.0052652315196209,0.0009837839495127126
962300.0,0.9819844051271241,0.000939926838347284
962400.0,0.9832894738167897,0.0008312797514296299
962500.0,0.9875109746133444,0.0008312682146842364
962600.0,1.007208321329003,0.0006786037057553539
962700.0,0.9807803153898768,0.001180885569644419
962800.0,1.0224977206280383,0.0012905441992758226
962900.0,1.0004063107080738,0.0009946586265247397
963000.0,0.9958494954471153,0.0010766995430095147
963100.0,0.995942078349163,0.0010384357913432345
963200.0,0.9921918981296382,0.0011867604126791598
963300.0,0.9929880077557912,0.0008782665768713938
963400.0,1.0021455316121801,0.0005572385757967724
963500.0,0.9818087704204408,0.0010065807993712413
963600.0,0.9900995164168309,0.0009865026429268712
963700.0,1.005097638985583,0.0010788658084520634
963800.0,1.008160959972779,0.0011701338969423171
963900.0,1.0098573204778452,0.0008772161834558289
964000.0,1.0262487347978546,0.0009628516399589224
964100.0,0.995123463230789,0.0010967129497860782
964200.0,0.997266334741346,0.0009420260512798209
964300.0,1.0115452275642043,0.0009304201515092697
964400.0,1.0049706409482555,0.0008812369915942534
964500.0,1.0047368717094312,0.0007129711336726327
964600.0,0.99956637668082,0.0008939856573689026
964700.0,1.0492048364424038,0.0011807425635881287
964800.0,1.0119451089114684,0.0008105343255803199
964900.0,0.9862260502157586,0.0009675746656063736
965000.0,0.997061365679767,0.0009561737542048136
965100.0,0.9992155787407648,0.0008152634916713439
965200.0,0.991245958885031,0.0010658395360442308
965300.0,1.0097491911142824,0.001097464929764474
965400.0,1.0052173905928279,0.0006819377200112356
965500.0,1.0166594106092048,0.0006808200239213604
965600.0,0.9912913128060205,0.0010052177374789647
965700.0,0.9872554442344262,0.0008634466315741257
965800.0,1.0032616354458426,0.0007947310008565394
965900.0,0.999323902119521,0.0009379867214769861
966000.0,0.9931810084668552,0.0010368205825466304
966100.0,1.0030934330038188,0.0009888054324623799
966200.0,0.9904002397036383,0.0009974158291461278
966300.0,0.9967710424778684,0.0008331689611334757
966400.0,1.0149023538624127,0.0010514611062023616
966500.0,0.9955543145019968,0.0008212938923251175
966600.0,0.9889147654579276,0.0005739627855190088
966700.0,0.9982869367665641,0.0008573812334943687
966800.0,0.9983594169908385,0.001192358144852997
966900.0,0.9979782425608431,0.0007545275147633332
967000.0,1.0221744996326367,0.0007598927390633672
967100.0,0.9969053853225276,0.0010380255994142452
967200.0,0.983747792334176,0.000885880215371766
967300.0,1.0013956369822605,0.00088248497622046
967400.0,0.9884062984960192,0.0008240750780322824
967500.0,0.9782603307285852,0.0010001985597744608
967600.0,0.9825291314685943,0.0008074643858683036
967700.0,0.9886703359719985,0.0010615942722834357
967800.0,0.9942037485838818,0.0006949052782535798
967900.0,1.000137584360559,0.0010439646084406031
968000.0,0.9932707807628143,0.00116576852990042
968100.0,0.9993438517645004,0.0010054983095789812
968200.0,0.9811093566020661,0.0007004694330027845
968300.0,0.9881385740914138,0.000926362274069902
968400.0,0.9979144693666295,0.0013564401511048083
968500.0,1.02314461995847,0.0009532412159419402
968600.0,1.0151066111936593,0.0006924734175294651
968700.0,1.0000969865969238,0.0010227316969667658
968800.0,1.0058993704724182,0.0010368193826661909
968900.0,0.9971355419801877,0.0009589334366286349
969000.0,1.0104230435374455,0.0011743313533991333
969100.0,0.9959250369879531,0.0010659776556708118
969200.0,1.0020706506539714,0.0006616270695295224
969300.0,0.9861785366026729,0.0009491347597720514
969400.0,0.9969795366366,0.0010183553362025648
969500.0,0.9823754552972803,0.0010541377846962825
969600.0,1.0031881400887086,0.0008506365375029696
969700.0,1.0175631438334904,0.0010213833145422358
969800.0,0.989454490096447,0.0009159791985204988
969900.0,1.0080317119234958,0.0007662739581600087
970000.0,1.0068759760978445,0.0007041919486319903
970100.0,0.9928073903743214,0.0010783971458996758
970200.0,1.0224704133981894,0.0007502525245006146
970300.0,0.9981956944468521,0.0008282533085060664
970400.0,1.0090104776154627,0.0009207821942260933
970500.0,0.9746477298438,0.0009088967267948964
970600.0,1.0055359927989478,0.000827780434494551
970700.0,1.0075566470666077,0.001102694490120749
970800.0,0.9965505005097318,0.0009153584604046738
970900.0,0.9763515045660198,0.0010611006735037644
971000.0,0.996081647115798,0.0011710568287403064
971100.0,1.0162183289548063,0.0007209534278060195
971200.0,1.0028615964656555,0.0010342656536867219
971300.0,0.9921681070137476,0.0007802768365935568
971400.0,1.0067033779767964,0.0006956981006751222
971500.0,0.9833878612470696,0.0010678766006766256
971600.0,1.0056879512491508,0.0010643221130231383
971700.0,0.9960089016559152,0.0009420174239466034
971800.0,0.9746755840358085,0.0011704592830685293
971900.0,1.013193235559324,0.0007048716037580886
972000.0,1.0051139670963354,0.0009747171614912899
972100.0,1.0038052242559903,0.0009481520648177774
972200.0,1.0048580267677139,0.0013689212142906455
972300.0,1.0080144033168714,0.0010853270538537178
972400.0,0.9870476576155349,0.0012752344996725454
972500.0,0.9911899429287248,0.0007086227171325235
972600.0,1.0058247271104717,0.0006115371111767976
972700.0,1.0254084900032348,0.0006241449303212811
972800.0,0.9940786668168076,0.0010942006744352787
972900.0,1.0010365234150107,0.0010296970951011151
973000.0,1.0146713028330172,0.000967558237675
973100.0,1.0045821490956846,0.0006460047429985287
973200.0,1.0074679686413341,0.001210687492469228
973300.0,1.012254062407879,0.0007658068716299139
973400.0,1.0143279695059495,0.0009944437737675954
973500.0,1.0124646954372953,0.0009208460080033401
973600.0,1.015193243783148,0.0007230697674250746
973700.0,1.0041726888994102,0.0009427013590961782
973800.0,0.9926265457050167,0.0007438747281710509
973900.0,1.0049293845285314,0.0010975241109566272
974000.0,0.9940514160827779,0.0010841046520759265
974100.0,1.005803193565063,0.0012566402977925812
974200.0,0.9948733788253918,0.0009294409419637467
974300.0,0.991258292627134,0.0008490493969765607
974400.0,0.9775773240263551,0.0007296917400339453
974500.0,1.0125636238825213,0.0010025166936138909
974600.0,1.0121436154595906,0.0009493781788221578
974700.0,0.9981766703058377,0.0007885628048867381
974800.0,1.011094320833132,0.0007520841211613513
974900.0,1.0003092089585794,0.0007975282353520522
975000.0,0.986311017539719,0.0009031822370043023
975100.0,0.9827047955667276,0.0011991679060727254
975200.0,0.9911787545507093,0.0006840539519774472
975300.0,1.010243320903581,0.0011643196353650414
975400.0,1.0029885371070761,0.0009954381347905652
975500.0,1.0039702199476948,0.0010399253572142765
975600.0,0.9977630411960685,0.0007721773019160817
975700.0,0.9880133184583139,0.0009243874627902482
975800.0,0.9873233975455405,0.0007539455691154579
975900.0,1.0203099144879033,0.0006129132694896729
976000.0,0.9898258068219041,0.0013980736797540511
976100.0,1.0070058556760524,0.00122105712758411
976200.0,1.015628910303013,0.0010053419883399282
976300.0,0.994532405690865,0.0009710801190063443
976400.0,0.9923300251209141,0.0009115867555656964
976500.0,1.005454685580085,0.0008248325212070805
976600.0,1.014615093365703,0.0010777846453178302
976700.0,1.0280534435428073,0.0006136685980936643
976800.0,0.994431129600799,0.0010815816572573233
976900.0,0.9827430238486006,0.0009920504663981226
977000.0,0.9870756277870391,0.0010239621825380784
977100.0,1.0018226143707794,0.0006271331821478018
977200.0,0.9875531641878496,0.0011543567413688615
977300.0,1.005092792270326,0.0007509010164819615
977400.0,1.021003826077366,0.0011451553887902655
977500.0,0.986493528189489,0.0008642005481397882
977600.0,0.9673491641161525,0.0007404803493336763
977700.0,0.9781658775313324,0.0010214638737137674
977800.0,0.9916678577786179,0.0006542024346733146
977900.0,0.9969031616934608,0.0010366309666705827
978000.0,1.0025923022462018,0.0009599086929296367
978100.0,1.004539958817968,0.0008177028567801146
978200.0,0.9902648863264458,0.000791297974064466
978300.0,1.0145958822629961,0.000963709544157235
978400.0,1.0128556808556477,0.0007674305662103859
978500.0,1.0059724435479531,0.0010247316706856206
978600.0,0.9961124893828817,0.0009159617608999421
978700.0,0.9965977714178254,0.0008181821127378698
978800.0,0.996698455723755,0.001073976822794219
978900.0,1.0188753434719453,0.000985259953368685
979000.0,0.9976221238709868,0.0007339089094497508
979100.0,1.0187376218265154,0.0011650585769719883
979200.0,0.9901410452700596,0.0010860470455416255
979300.0,0.9929823830518872,0.001340321866049484
979400.0,0.9951608262427425,0.0009508080834398922
979500.0,1.0025904254602807,0.0008966679400748484
979600.0,1.0038995634300514,0.0009076245101344083
979700.0,0.9766761929070052,0.0007457782943062288
979800.0,1.0001880646084724,0.0010861762965110446
979900.0,1.0020926945499975,0.000774460030346814
980000.0,0.9958672969234085,0.0008165618477322397
980100.0,0.9804130208820429,0.0009950374511091466
980200.0,1.0119157924959878,0.000973790724655281
980300.0,0.9964501584816005,0.0008819182964389374
980400.0,0.9945972876410232,0.0007151840301863288
980500.0,1.0120225819098274,0.000840351787732883
980600.0,0.9864495972033704,0.0006301084887285005
980700.0,0.992141416332265,0.0010573835676616248
980800.0,1.0033765317758692,0.0007602622957398794
980900.0,1.0031430453947154,0.0005518508916782382
981000.0,0.997179355396577,0.0006650247191387904
981100.0,0.9910273346068773,0.001104532230687039
981200.0,1.0189265505955363,0.0008438051434320395
981300.0,0.991036480083256,0.001110110586184499
981400.0,1.0120528952218903,0.000783137066816592
981500.0,1.0125236707604863,0.000656727306448727
981600.0,1.0048902578321608,0.0007287954683411141
981700.0,0.9964052467383421,0.0009687495622163727
981800.0,1.0049401717937951,0.0007013453851177707
981900.0,1.0134841510499597,0.0008218487674675704
982000.0,0.9962240207122813,0.0009895112899404761
982100.0,1.0009289531486516,0.0010630147019835643
982200.0,1.0098191549779654,0.0009253205759364593
982300.0,1.0085980008326054,0.000919964161180168
982400.0,0.9942885203399261,0.0009330349888164449
982500.0,1.0136145350300783,0.000512497856808079
982600.0,0.9946524472906514,0.0008935258902394501
982700.0,1.0075328298824424,0.000824569962646126
982800.0,1.0069121820768787,0.000853349534608182
982900.0,1.0098736790833187,0.000956600189441246
983000.0,1.020155102210944,0.0010334921939536524
983100.0,0.9941842911721517,0.0009144464453462938
983200.0,1.008130646745122,0.0008088254751885674
983300.0,1.0047886345057173,0.0012172481359009136
983400.0,0.9801656020016113,0.0008894167651588478
983500.0,1.0040051284705658,0.0008340124563977762
983600.0,1.002076117839344,0.0010299710124827368
983700.0,1.0146907733590322,0.0011391557461648974
983800.0,1.0107958137061268,0.00097757478404686
983900.0,0.9871894280042358,0.0009474782804069029
984000.0,0.9798829047514783,0.0010346763846292633
984100.0,1.0085680240637105,0.0005036663467501874
984200.0,0.9859761962952592,0.0007496249537791291
984300.0,0.9919390640045908,0.0010328100886391786
984400.0,0.9994240702344886,0.001004349312811929
984500.0,0.9898885740152701,0.0009250299669195301
984600.0,0.9983726175768437,0.0009214630715871447
984700.0,0.9848232988706171,0.0007828979342515234
984800.0,0.9866490314073738,0.0011373852491453436
984900.0,1.008452845956118,0.0007967008265824104
985000.0,0.9972650484236049,0.0007822935635399095
985100.0,1.0040094970049702,0.0010549905193494905
985200.0,0.9883855118890387,0.000749965373165291
985300.0,0.9978889925141435,0.0006752081235198588
985400.0,1.0028371866607533,0.0009515258736858043
985500.0,0.9831342325711029,0.0008635202972125439
985600.0,0.9853449745202085,0.0011752956806993316
985700.0,0.9883066625913604,0.0008923546278137942
985800.0,1.009726002451296,0.0006830960028832268
985900.0,0.9779524975402958,0.0008646862840819571
986000.0,0.9862998351941065,0.0006093404379112448
986100.0,0.9823963613706718,0.0006226692607560766
986200.0,0.9947034528312457,0.0010481270595699458
986300.0,1.0025979964733172,0.0010953311673453372
986400.0,0.9995392931267287,0.0009326679134950346
986500.0,0.9836981111407909,0.0007226693235774703
986600.0,1.0012036956834387,0.001154155010095138
986700.0,1.0067108701315963,0.0008083612968771749
986800.0,0.9985823751297188,0.0006348535840839894
986900.0,0.9931339541124841,0.00043449107171623626
987000.0,0.9940996192072225,0.0006831002340149609
987100.0,1.029845695649233,0.000863948349482291
987200.0,0.9899831275424632,0.0009584709592448819
987300.0,1.0107762657889598,0.0008235163024573935
987400.0,1.0081574148376289,0.0008819480974028288
987500.0,1.009867824192546,0.0006953207970375231
987600.0,0.983680675513114,0.0007619570563251747
987700.0,0.9909676061020604,0.00069301318632982
987800.0,0.9892690193895699,0.0007614221875006423
987900.0,1.0001658356032632,0.000987067942348573
988000.0,1.0005786213213066,0.0007848757387481914
988100.0,0.9967004174018924,0.0007562735669843956
988200.0,1.0022324703826044,0.0008450660329429754
988300.0,1.015484585081477,0.0011235168510281587
988400.0,1.0102907478846748,0.0010768428166422171
988500.0,1.0253769160881072,0.0006724217053773007
988600.0,0.9935921843065428,0.0009125526927121731
988700.0,0.9899464261485608,0.0008076343483555559
988800.0,0.9702280237998917,0.0009476029754228178
988900.0,1.0032324833910382,0.00077560503925442
989000.0,0.9821092968085761,0.0008930665819870543
989100.0,1.004992176945806,0.0011602035182341106
989200.0,0.997255462212398,0.0013100719376760374
989300.0,1.0041359864613901,0.0008919252003910767
989400.0,0.9990232136033491,0.00128613277860404
989500.0,1.0286907024022143,0.0007649455675996777
989600.0,1.0004149659654418,0.0008125982674981292
989700.0,0.978816316927369,0.0008045610870415346
989800.0,0.9907430179725132,0.0006013863181474084
989900.0,0.9787347462775424,0.0007824902024827152
990000.0,1.0271999361464281,0.0008718322853502415
990100.0,1.0053234631857124,0.0008656544456483897
990200.0,0.991002404833195,0.001244554260326467
990300.0,1.0030440736054227,0.0010235775327691436
990400.0,0.9935921522250156,0.0009715406730386921
990500.0,0.9988445617681093,0.0006753178266326822
990600.0,1.0158873451750647,0.0011212387991099862
990700.0,0.9873269736021613,0.0008362835324358698
990800.0,0.9864825242004767,0.0007196323397637293
990900.0,0.990392547226348,0.0007874020955746829
991000.0,0.9844380590771625,0.0007645363625923106
991100.0,0.9989020394496925,0.0009303970780531164
991200.0,0.9941625996578932,0.0006363308565528473
991300.0,0.9940597464910994,0.0008367519612925169
991400.0,0.9947067853285847,0.000472836065704541
991500.0,0.9971575011485879,0.0009356168475748222
991600.0,0.9818648832467027,0.0007804529260847644
991700.0,1.0064739869571633,0.0010084255901126084
991800.0,1.0118594440672133,0.0008804279511356429
991900.0,1.0032403364376998,0.0010234574521508374
992000.0,1.0094505610496318,0.0009706726833678823
992100.0,1.0140334292027802,0.0009160901199641387
992200.0,1.0095092605508431,0.001071026321037125
992300.0,0.9832358482569775,0.0007272348288133823
992400.0,0.9850663399819375,0.0009851553903215118
992500.0,1.009919411682489,0.0011525180643672055
992600.0,1.0016449474618037,0.0006804959188557918
992700.0,1.017946139302036,0.0008454656849912508
992800.0,1.0038840509627374,0.0005404463738642491
992900.0,0.9868065460442901,0.0011694776521783787
993000.0,1.009064466154485,0.00041584545681012003
993100.0,1.0016855776859834,0.0008315571166231237
993200.0,0.9902655787944937,0.001125088810003922
993300.0,1.0311206041230663,0.0010810709832321287
993400.0,0.9968298788184132,0.000917201155198017
993500.0,0.9834640289867432,0.0009641725781752691
993600.0,1.0122757750151563,0.00060078331959683
993700.0,0.9750021505696632,0.0008600769154358265
993800.0,0.9891852571013184,0.0010706744371749206
993900.0,1.0010718374641856,0.000679668941508436
994000.0,1.0186248135267135,0.000832904550796828
994100.0,0.996997380209399,0.0008177541271114279
994200.0,1.0017657707128964,0.00123153283840477
994300.0,0.9991421480559803,0.0009859147324777662
994400.0,0.9995531490768051,0.000991439066205133
994500.0,1.0169280188198473,0.001425751176933031
994600.0,0.9758250391076423,0.0010077508599670981
994700.0,0.9720588279760035,0.0010334497326464768
994800.0,0.9721205917158674,0.0005888421269661474
994900.0,0.9753281536336655,0.0006535502200446636
995000.0,0.9901965986279851,0.0007104439269160624
995100.0,0.9880153307564123,0.0007901994037818521
995200.0,1.0186666799608495,0.0008222494104094131
995300.0,0.9840795485380275,0.0010893048732298694
995400.0,0.9994879770808006,0.0008443139223357468
995500.0,1.011813807698266,0.000857864022264663
995600.0,1.002082921653099,0.0007786027532721961
995700.0,0.9945177962433849,0.0008853128624569212
995800.0,1.007154139674823,0.0008687010050137681
995900.0,0.9949024738927511,0.00119563030513021
996000.0,1.0179184716666307,0.0010165811880759143
996100.0,1.005602790061634,0.0012202438320877212
996200.0,0.9938120659796875,0.0007159842309530237
996300.0,1.023966213831589,0.0010782955094428795
996400.0,1.0136296929236357,0.000980554719581673
996500.0,1.0100540190667677,0.0007205496636346496
996600.0,1.0064610813570372,0.0008593470314339338
996700.0,0.9931146418449565,0.0008879255546543408
996800.0,1.0103405573691828,0.0008674424732084299
996900.0,0.9842617322623645,0.0008231477751117239
997000.0,0.9982720765554345,0.0011226587523399455
997100.0,0.998640581820956,0.0011759799360511333
997200.0,0.9827214423066144,0.0011386570563194018
997300.0,0.9970143995476776,0.0011180629863170827
997400.0,0.9834915198288389,0.0006952884469708191
997500.0,0.9954434789890473,0.0009540571424100098
997600.0,1.003620726310216,0.0009387779677962278
997700.0,0.98891564238691,0.0007902737252939217
997800.0,1.0241866391273133,0.0008550918908630362
997900.0,0.9980394270138667,0.0008459907449422942
998000.0,0.9910687618408104,0.0009966585875764732
998100.0,0.9888169484753379,0.0011215953316836488
998200.0,1.0222368876848813,0.0008168567012699158
998300.0,0.9670672390494199,0.0011337143053390395
998400.0,0.9902881231655137,0.0008812976195462942
998500.0,1.014032983156185,0.0008276439003799062
998600.0,1.0106189442978004,0.0010865381342162047
998700.0,1.01119583839454,0.0007062449408535603
998800.0,1.0058015932392688,0.0007762156912366299
998900.0,1.0025066720863587,0.000559098329874748
999000.0,0.9839581626506615,0.0010936040881723062
999100.0,0.9805327064017938,0.00041713868431131936
999200.0,0.9959749761207904,0.000742914340203265
999300.0,1.003402912114212,0.000797755440723656
999400.0,1.0113746512599255,0.0011525422087786139
999500.0,0.9928657121342457,0.0007766637602907986
999600.0,1.0035715551384843,0.0011983169773476436
999700.0,1.0315119850384384,0.000921710451772587
999800.0,1.0093204167116263,0.0009569609894035142
999900.0,1.0035919689827517,0.0006258195344393322
1000000.0,1.0328026479785917,0.0009440438312647183
1000100.0,0.970318199732217,0.000944196579990789
1000200.0,0.992504206444557,0.0008377229125635819
1000300.0,1.0071971106584627,0.0011097658676220876
1000400.0,0.9831757825552186,0.0005704275343458659
1000500.0,1.0113726526847637,0.0010073823780374087
1000600.0,0.998685505674066,0.0010936731569752421
1000700.0,1.010569930756506,0.0011649433815814224
1000800.0,1.0219239199933647,0.0012532283357068645
1000900.0,0.9986328316678694,0.0006791713662743442
1001000.0,1.0022823511543977,0.0010140298490458831
1001100.0,1.0140819649735828,0.001031094825075616
1001200.0,0.9987630678730178,0.0009289351538941439
1001300.0,0.9935936060055666,0.0010415501739750642
1001400.0,0.9998812120224486,0.0013208776303202268
1001500.0,0.9903194304662976,0.0007435090923059864
1001600.0,0.9899045334514445,0.0006689699431029187
1001700.0,0.9952714726725191,0.0008211998523735411
1001800.0,1.028874605363134,0.0010211512842972293
1001900.0,0.9907779600911939,0.001029860021091007
1002000.0,1.006405884892944,0.0008305551657962775
1002100.0,0.9967443486160887,0.0009660514066190576
1002200.0,0.9921414106611353,0.000985435741151124
1002300.0,1.0073760583036535,0.0011222887514558864
1002400.0,0.9889641180886375,0.0007277522642441209
1002500.0,1.006344079597295,0.0009344996299865664
1002600.0,1.0102335401971922,0.0010665259685276296
1002700.0,0.9950572790837695,0.0011783885561407388
1002800.0,1.0076712694569145,0.000947201022150033
1002900.0,1.0156509654245058,0.0010563034826605868
1003000.0,1.0105851835263047,0.001005719026604174
1003100.0,0.9869831873945525,0.00086398563274902
1003200.0,0.9902600365451228,0.0006133838537201834
1003300.0,0.991888419305593,0.0008834045673794726
1003400.0,0.9955065164674456,0.0011248814271040861
1003500.0,0.9822745302382531,0.0007184088617579645
1003600.0,0.9906644539718344,0.0007320867210288447
1003700.0,1.012104079657439,0.0010723288952262245
1003800.0,1.0014233585636179,0.0007983070099003214
1003900.0,1.0224398281513998,0.0009285370451720341
1004000.0,1.003954198069016,0.0007789326090766848
1004100.0,1.004984188885394,0.0010929109060388693
1004200.0,0.9906049802658697,0.001014031251324664
1004300.0,0.9938923189035077,0.0009082991784860239
1004400.0,1.0020739750630483,0.0007608108290010942
1004500.0,1.005572004692185,0.001091600503005098
1004600.0,1.006970841033251,0.0009178011063965618
1004700.0,1.007593198488639,0.0009195165513190677
1004800.0,1.0115789390111682,0.0006602740595065353
1004900.0,1.0109816846687696,0.0008049029287956373
1005000.0,1.0032018212688154,0.0007129926474512584
1005100.0,0.9902596940857135,0.0006686640247046048
1005200.0,1.0066058152974144,0.0006701848494070366
1005300.0,0.9802572402149311,0.0005928411248210911
1005400.0,0.992036890819537,0.0010453291894340748
1005500.0,1.008142071536822,0.000668253920044701
1005600.0,0.9948710170314997,0.0010044636152971634
1005700.0,0.9838737285131084,0.0007409360863890082
1005800.0,0.9977936826134405,0.0014464075184378086
1005900.0,0.9902536156328134,0.0010621976191405476
1006000.0,1.0083527968577974,0.0005141768484471699
1006100.0,0.9904196069095632,0.0011121701078203596
1006200.0,1.0107650676174955,0.00042214426528815744
1006300.0,1.0100903436530042,0.0008969017210275972
1006400.0,1.0002078526043707,0.0008853232452564205
1006500.0,1.009377091781352,0.0007925082414310853
1006600.0,0.9930768814378057,0.0006882237934866504
1006700.0,0.991613885331772,0.0006572793584672324
1006800.0,0.9945797051795465,0.0011367786778458601
1006900.0,0.988577714132387,0.0009628383703482052
1007000.0,1.0096634035477774,0.0010152004898935196
1007100.0,1.012083723497717,0.0007480307970964386
1007200.0,0.9904989574672166,0.0007203835592463213
1007300.0,1.0159600906252702,0.0009078377926112224
1007400.0,1.0249577654618385,0.0011524516694641441
1007500.0,0.9886770187249627,0.0006098387353227253
1007600.0,0.9983919935744647,0.0009356340331928524
1007700.0,0.9941653843874756,0.0011566815411634265
1007800.0,1.0125738370775452,0.0009545999442177923
1007900.0,1.0182640097613473,0.0007176238477599211
1008000.0,1.0303780804255813,0.0008719177362542473
1008100.0,0.9790708679093575,0.000976018325392286
1008200.0,0.9772070201256106,0.001152970234307254
1008300.0,1.0015259162500154,0.0010515641725943364
1008400.0,1.000897200494598,0.0006648658103518741
1008500.0,0.9926301478006639,0.0010150544783279491
1008600.0,0.9908269178470867,0.0009774142444739632
1008700.0,0.9984394126449937,0.0007427520137051545
1008800.0,0.98692475795789,0.0005837509284634747
1008900.0,1.0133233290012396,0.0007451250581180464
1009000.0,0.994918942924518,0.0010713156480163513
1009100.0,0.9978671833121642,0.0007790963727453582
1009200.0,1.006160478581683,0.0009519459405111063
1009300.0,0.9879873924525155,0.0009174006834881515
1009400.0,0.9936625424603311,0.0007789668141998749
1009500.0,1.000797099912167,0.0008908201242580561
1009600.0,0.9914471247993772,0.0007841009746122224
1009700.0,0.9847027034833321,0.0009219353572512388
1009800.0,0.9927723230445673,0.0012371572229584946
1009900.0,1.0045991083748844,0.0008371657221391941
1010000.0,0.9794462908355422,0.0008415837265742391
1010100.0,0.9884765915986131,0.0009026006780053297
1010200.0,1.0059314420864551,0.0011998484652843392
1010300.0,0.9947999523481081,0.0010027761052488126
1010400.0,0.9835389625415136,0.0008070029945206281
1010500.0,0.9930921563135555,0.0009117366936253993
1010600.0,1.0078196661453178,0.0008648411243290323
1010700.0,1.0025736336802364,0.0008952173814077406
1010800.0,0.998756910764464,0.0011588590445842256
1010900.0,0.9867868077711064,0.0010309042179682038
1011000.0,0.9848152052019267,0.0010137436253416674
1011100.0,0.9905506044549034,0.0010065025894868019
1011200.0,1.0054009747200763,0.0006104803674814799
1011300.0,0.9926781076913576,0.0011074393313833266
1011400.0,1.0043163088106475,0.0009098863925796114
1011500.0,1.0045976664531053,0.0010308422601720327
1011600.0,1.0128163662681084,0.0008697579975711283
1011700.0,0.9849919994507279,0.0008583965532205672
1011800.0,0.9976320998217596,0.0007511290077678803
1011900.0,0.9990015475570145,0.0009457954837141761
1012000.0,0.9979802937595705,0.0008176273611014986
1012100.0,1.000180016037387,0.0010398328299406202
1012200.0,1.0012090108522127,0.0010167673665475378
1012300.0,0.9942735676398309,0.0010504734175643545
1012400.0,0.9946396007373709,0.0006597437893983225
1012500.0,0.9986328341910735,0.0011426249397349637
1012600.0,1.0057138952016687,0.0008787082329695616
1012700.0,1.0141122967271146,0.000915357267412452
1012800.0,0.9812184362141474,0.0008971459865363769
1012900.0,0.9938718994416098,0.0009867670442451127
1013000.0,0.969914013896138,0.000897086015180864
1013100.0,1.0122083507318187,0.0010869385040597802
1013200.0,0.9913188460168063,0.0009099078255032287
1013300.0,0.9976897198501313,0.0007776595017513467
1013400.0,1.0074408539093216,0.0010090187051681454
1013500.0,0.9886430184328622,0.0009912176342768966
1013600.0,0.9882969516692558,0.0008902563053818645
1013700.0,1.0025936805675022,0.000958449772076142
1013800.0,0.9591945602533374,0.0006595698206549582
1013900.0,1.0325129590799733,0.0009726176389929346
1014000.0,1.0249839941873182,0.0007987736957518288
1014100.0,1.0215369414399629,0.0008912438202252337
1014200.0,0.9913925833996853,0.0010362334568112174
1014300.0,0.984994691892401,0.000887239331487886
1014400.0,1.0171393400767466,0.0009241510402109724
1014500.0,0.987851523230961,0.000845673098282471
1014600.0,1.000347981357308,0.0008684650265265676
1014700.0,1.0073814967329042,0.0008810185773694422
1014800.0,1.0136408975175808,0.0007124629167786532
1014900.0,0.9944638906176342,0.0007986583102873339
1015000.0,1.001475231540164,0.0011122065892643607
1015100.0,0.9946572951214038,0.0010164222930638559
1015200.0,0.9988690509461697,0.0006948427335548255
1015300.0,0.996617944597091,0.0007332216140606228
1015400.0,1.0099266466028034,0.0011505729330653362
1015500.0,1.0137710716541364,0.000926305123540438
1015600.0,0.982808449231766,0.0008337700672679282
1015700.0,0.9983427130781409,0.0008123918303771684
1015800.0,0.9999090945785715,0.0009017177362087934
1015900.0,0.9965421245240704,0.0006506324765918024
1016000.0,1.0016857951750229,0.0008210850516322676
1016100.0,0.9984395059703027,0.000846300491124285
1016200.0,0.9985867815363088,0.00083153325310859
1016300.0,1.0156286896938471,0.000875127732711353
1016400.0,1.012507461925586,0.00086255185903001
1016500.0,0.9949036106367015,0.0008717339733914025
1016600.0,1.0016464880409757,0.000923430422832945
1016700.0,0.9912283445513819,0.0009685431857332725
1016800.0,0.986015173364548,0.0007924477643842422
1016900.0,0.9992213479572959,0.0008408062653652601
1017000.0,1.0086180833012184,0.0008987680595143987
1017100.0,1.0043884651584334,0.0007911284088119644
1017200.0,1.0049865354477077,0.0005703795199636351
1017300.0,0.9990362585773038,0.0010711637491881165
1017400.0,1.0153843183568638,0.0010953988121433313
1017500.0,1.0282548824219115,0.0010041238461769404
1017600.0,1.00636495383435,0.0009163957078801113
1017700.0,1.0033198464730098,0.000813378217242285
1017800.0,0.9969078178907457,0.001168701477053773
1017900.0,0.9936228124964148,0.0008838318012508605
1018000.0,1.0207615684863516,0.00043228389888070934
1018100.0,0.994316255493943,0.0009198936420107606
1018200.0,1.0082013772086411,0.0009345241512167713
1018300.0,0.9838899968392767,0.0007311522000780242
1018400.0,0.9993503455325321,0.0008804099098886881
1018500.0,1.01169223315634,0.0009572785311151225
1018600.0,1.0007539459790324,0.0005600879905289818
1018700.0,0.9974528564913815,0.0008634580986929996
1018800.0,1.0019443601619917,0.0006128448307313586
1018900.0,0.9947434809309871,0.0012026629059778736
1019000.0,0.9704016103907428,0.000995184642811473
1019100.0,1.0028707494870082,0.0008548342080173163
1019200.0,1.008710718187578,0.0008777642941741545
1019300.0,0.9856775045938745,0.0008393773711647325
1019400.0,1.0006040146597186,0.0008955769914701439
1019500.0,0.9868708576693211,0.0007486969327936934
1019600.0,0.9750433165383823,0.0010478103491805791
1019700.0,1.006468645112781,0.0005463886811276949
1019800.0,0.9911031538768412,0.0008947391375326026
1019900.0,0.9872669121339821,0.0009377070207234072
1020000.0,0.9868771108837759,0.0009058923636889975
1020100.0,1.0069173515909933,0.0009283371049959429
1020200.0,0.9936112142636347,0.0011654383057392388
1020300.0,1.017521434728464,0.0007489613540651773
1020400.0,0.9919133229691603,0.0008824206368570003
1020500.0,1.0114321892350522,0.0005718060186299722
1020600.0,0.9981425285919527,0.001017024265220254
1020700.0,1.0019986310652487,0.0005812275815419168
1020800.0,0.9912126914874119,0.0006918014815591341
1020900.0,1.0069170616886864,0.0009747266833163697
1021000.0,0.9774420668531826,0.001232599479114181
1021100.0,0.9991715980744078,0.0007423617811417701
1021200.0,0.9920099751233853,0.0007744833432490966
1021300.0,0.983688577127266,0.0009100590694351174
1021400.0,1.0053040481362279,0.0008955904802067979
1021500.0,1.0059516539663298,0.0007433500281884437
1021600.0,1.026193869164709,0.0009210377470362017
1021700.0,1.008698978873655,0.0009781475748444793
1021800.0,0.9994701145479623,0.0006595626332949606
1021900.0,0.9855073401616004,0.0008019892297776061
1022000.0,0.9816572521180718,0.0009080573428276651
1022100.0,0.9974381163730578,0.0007162135066530128
1022200.0,0.993694349674481,0.0007785213788522934
1022300.0,1.013107635773388,0.0008135304525153773
1022400.0,0.9881512139049635,0.0009440688996059871
1022500.0,0.999844376556464,0.0006530299452495293
1022600.0,1.008628894494794,0.0008882304441346658
1022700.0,1.0387274430563709,0.0009082073619393072
1022800.0,1.0095192767885934,0.0006006925048674814
1022900.0,1.0162989840474235,0.0009831477980516202
1023000.0,0.9932274292815056,0.001085419387068096
1023100.0,1.003707750022734,0.0010848534508110044
1023200.0,1.0042078252479525,0.000983434059464602
1023300.0,1.0160640510876833,0.0010270198871929403
1023400.0,0.9916794529101098,0.0009431180784343734
1023500.0,0.9923563290230815,0.0009321297476194378
1023600.0,1.0038090609316996,0.000801643529219364
1023700.0,0.9716596274819124,0.0010918398531194337
1023800.0,1.0091675213076956,0.0007640289278059028
1023900.0,0.987343938924478,0.000762382515202526
1024000.0,1.017037182103388,0.000990178198135471
1024100.0,1.0092112869603893,0.000620321840673408
1024200.0,1.017420528861999,0.0009283742936359335
1024300.0,0.9938251540526378,0.0005690070366325147
1024400.0,1.0098380720830864,0.0007741509951294869
1024500.0,0.9913595844902432,0.0008184068936243693
1024600.0,0.977188762175986,0.0007303234161177944
1024700.0,0.9970951891042672,0.0011616147796054473
1024800.0,1.018242081070625,0.0008803814574352469
1024900.0,1.001813509692287,0.0013103498518029035
1025000.0,1.0021100949147317,0.000721871123245444
1025100.0,0.9841517440585685,0.000754036099754919
1025200.0,0.9899608945151555,0.0007756680877850034
1025300.0,1.0038918198711615,0.0008723898900163611
1025400.0,1.0217285674929846,0.0006666355269367767
1025500.0,1.012493468147346,0.0008921160765940542
1025600.0,1.002687903919558,0.0011174538193225248
1025700.0,1.0051055727031097,0.0011444901984664767
1025800.0,1.0218913071524267,0.0009829399361218829
1025900.0,0.9925423695772437,0.00070737778495476
1026000.0,0.9734411933760535,0.0005755761929326678
1026100.0,0.9915810776178479,0.0009371221692124064
1026200.0,1.0137587138298738,0.0009382522202348361
1026300.0,0.9926469198047155,0.0004594582284911399
1026400.0,1.0153779621580366,0.0009015367158638079
1026500.0,1.0086827539258725,0.0012144962912871106
1026600.0,1.0088471406132893,0.0005346655351472117
1026700.0,0.9971665545382341,0.0010501606762962155
1026800.0,1.0157880860833712,0.0006622566913204102
1026900.0,0.9883618197642565,0.000946278513924067
1027000.0,1.0048357428073045,0.0009343771791100817
1027100.0,0.9966623228898241,0.0009459894160424302
1027200.0,1.025416733624544,0.0009798248967208933
1027300.0,0.986279561086748,0.0008636874918295901
1027400.0,0.990166443090202,0.0007225772637810342
1027500.0,0.9954723798111693,0.0008989039200735376
1027600.0,1.0055555405269,0.0007243612820654354
1027700.0,1.0261641719042816,0.0008476768502028949
1027800.0,0.9933312524723962,0.001423817010491919
1027900.0,0.9951950842944034,0.0009774433548228878
1028000.0,1.0066575635746644,0.0008362077927468862
1028100.0,0.9837036787544784,0.0005578479458583096
1028200.0,1.0099637485244763,0.0008081779404578223
1028300.0,0.9878426843519709,0.0009888528812319983
1028400.0,0.988985195707758,0.000950389645904116
1028500.0,0.9956031031336833,0.0011315150121504417
1028600.0,1.002094653045565,0.0007109754085611668
1028700.0,1.0011328826719128,0.0012716765216303988
1028800.0,0.9759003341177949,0.0006950047202899125
1028900.0,0.9808465864640369,0.0008832914665142718
1029000.0,0.9914112786420548,0.0006846769579429083
1029100.0,0.9959417473142632,0.0013459599115636918
1029200.0,1.0001135874320977,0.0008386202655703406
1029300.0,0.9978945915220637,0.0010335125706428933
1029400.0,0.9799228740125706,0.00080040078831782
1029500.0,1.0144336819677213,0.0005243917904052527
1029600.0,0.9970096128139145,0.0008149661149843134
1029700.0,1.0143952631018387,0.0009007151575928399
1029800.0,0.9949248224738602,0.0010673272673813196
1029900.0,0.9869480456990112,0.0005499054087050465
1030000.0,1.0057452878895572,0.0007694136961885911
1030100.0,0.9898869721407229,0.0010571601260144037
1030200.0,1.0088046711573764,0.0011211597606105845
1030300.0,0.9719934765381653,0.0007965448592761547
1030400.0,1.0079357011595753,0.0010074280929332886
1030500.0,1.020484067489451,0.0011337151180362936
1030600.0,0.9880932665823706,0.0008789306815526208
1030700.0,0.9908340136615806,0.000947106761687775
1030800.0,1.0017876621086157,0.000763633558736701
1030900.0,0.9993662921905713,0.00103423556617345
1031000.0,0.9940051894707039,0.0006903546005113774
1031100.0,1.0102341277325921,0.0010198545263515831
1031200.0,1.0145314754169859,0.0009451438947849905
1031300.0,0.9987932979576927,0.000796603408015214
1031400.0,0.9881786497426582,0.0009010133805729917
1031500.0,0.9889891694952848,0.0010331861218275868
1031600.0,0.9917176788875224,0.0006548797396857416
1031700.0,1.009371664076026,0.0013139684429821297
1031800.0,0.9714823133142099,0.0007019719994830288
1031900.0,1.0122967029382097,0.001114157169414373
1032000.0,0.9976843302211335,0.000904216072017261
1032100.0,0.9994802465571713,0.0011108627162323673
1032200.0,0.9805423302590901,0.000978719757314563
1032300.0,0.9924695211961596,0.0011416930894784048
1032400.0,0.9826050166703759,0.0008022550832408084
1032500.0,1.0068733984025653,0.0011257710378256608
1032600.0,0.9700768336142419,0.0006420988658422068
1032700.0,0.992172034147964,0.000990164404714955
1032800.0,1.0002387298926503,0.0008541343456017539
1032900.0,1.010938481066747,0.001181898810303199
1033000.0,1.0138267648222499,0.0009733986665445036
1033100.0,1.009063538955554,0.0010518917484562548
1033200.0,1.0095719793257416,0.0009058993401460268
1033300.0,0.9980222557506274,0.000987926300029271
1033400.0,0.9926063894174458,0.0008474400098240459
1033500.0,0.9949800034968984,0.0007174566614440331
1033600.0,1.0084015148513887,0.0006389821721742473
1033700.0,1.008520469463587,0.0011533899351038655
1033800.0,0.9712157678913653,0.0009432300214515752
1033900.0,1.018756902513687,0.0006695820039070766
1034000.0,0.9839297606324134,0.000745995042924821
1034100.0,1.0208114044038514,0.0009353804699071468
1034200.0,1.0008648107378446,0.0006635481018485716
1034300.0,0.9864886312561387,0.0008113350068073661
1034400.0,1.0033087037266122,0.0009557566242435486
1034500.0,0.9954048908848524,0.0007849803435203862
1034600.0,0.9777896545440113,0.0006592474479028063
1034700.0,1.0153243084498587,0.0009308562635191878
1034800.0,1.013831277449328,0.000923285397894054
1034900.0,1.0198041020237667,0.0008109373067530786
1035000.0,0.9994322919138092,0.0009053154103378057
1035100.0,0.9988702100883339,0.0007561157237873603
1035200.0,1.0110604319394318,0.0007410518888755427
1035300.0,1.0135335935680718,0.0012573287339219864
1035400.0,1.008021307835142,0.0010184926750295051
1035500.0,1.0224192937329053,0.0008558732320595819
1035600.0,1.0037488858531547,0.0010060027755392003
1035700.0,0.9964392018305762,0.0010596899658928724
1035800.0,1.0050735946340201,0.000859135588045189
1035900.0,1.0076487596403128,0.0007830130143317628
1036000.0,1.0196712332823783,0.0012222140334384836
1036100.0,1.017607831596239,0.0011347432819116931
1036200.0,0.9879584613273614,0.0008688511166875767
1036300.0,1.022568041314259,0.0011352902936481656
1036400.0,1.0310152963683143,0.0013276155842788593
1036500.0,1.0142627476776562,0.0008066796757651365
1036600.0,0.9953230536688351,0.000637887382872483
1036700.0,1.006259986310354,0.0010835863767625132
1036800.0,0.997770942958584,0.0011607937503460455
1036900.0,0.995654648334339,0.0010156740965290398
1037000.0,1.0116095674487804,0.0009278357122870806
1037100.0,1.0110014123402942,0.0011770082023226987
1037200.0,1.0169496800106832,0.0012002137924850263
1037300.0,1.0081708036466546,0.0010407759244911634
1037400.0,1.0041333700016757,0.00047894402867025104
1037500.0,1.0100037390854941,0.0010196752843204065
1037600.0,0.9877123671810351,0.0005242839614343128
1037700.0,1.001500629129389,0.0008306511677034982
1037800.0,0.9893054581840732,0.0006592650402837835
1037900.0,1.0139347892956536,0.0011959264493138313
1038000.0,1.0090628953617666,0.000823434889013347
1038100.0,0.9987259036247461,0.0008265402508852918
1038200.0,1.0069408206437949,0.0009100192614570283
1038300.0,0.9925473309745132,0.0007221014142602611
1038400.0,1.012820776975354,0.0007893262368128147
1038500.0,1.0015206012556739,0.0009625739034378696
1038600.0,0.9955704432311813,0.0008886022985182513
1038700.0,1.0213018322212277,0.0010708635938887804
1038800.0,0.9804998422999451,0.0010074704243976276
1038900.0,0.9876083495518075,0.000751146368582424
1039000.0,0.9886910121298608,0.0010642434292216063
1039100.0,1.000928324480787,0.0009659057219410023
1039200.0,0.9946605662509056,0.0006668571628815765
1039300.0,1.003186471059118,0.0011358460097221823
1039400.0,1.0164125349840367,0.000987411391003791
1039500.0,0.9928415003252145,0.0009447776283672918
1039600.0,1.0024936326035514,0.001266695257894379
1039700.0,0.9951580238656004,0.0012038841033756684
1039800.0,1.0199572617722688,0.0009162104901970512
1039900.0,0.9947726207363181,0.0008321007563547743
1040000.0,1.018040872199143,0.0010594366986257009
1040100.0,1.0111166989395461,0.0006952160464357916
1040200.0,0.9988520253600565,0.0009682986979663157
1040300.0,1.0070723332734102,0.0010285984820992786
1040400.0,0.9964040120718064,0.0005874929089959907
1040500.0,0.9967136648873545,0.0008101304910385925
1040600.0,0.9946194021766676,0.0008936155555623386
1040700.0,1.0056551681595567,0.001041707607811652
1040800.0,1.0229550866187538,0.0008971760391239333
1040900.0,1.0034736411795342,0.0011842532476780384
1041000.0,0.9949627679437417,0.0011231285043713174
1041100.0,1.0155045900934958,0.0011055905429454586
1041200.0,0.9973483337680931,0.0010220043600825432
1041300.0,1.0113149482449242,0.0005803576098166391
1041400.0,1.0042770556263017,0.0008884477038833758
1041500.0,0.9905661691172999,0.0008693367375206714
1041600.0,1.0096892669036275,0.0009651495685793091
1041700.0,0.9776565615827867,0.0008359364496449518
1041800.0,0.9962915100533801,0.0007615912495631121
1041900.0,1.0042413594274056,0.000957959183373716
1042000.0,1.0012952530711787,0.0007755620394034489
1042100.0,0.990470127936275,0.0012644275346666656
1042200.0,0.9886436200285466,0.0008031388834383135
1042300.0,1.0033304390034035,0.0007284250677854877
1042400.0,0.9951684217941875,0.000788647792204091
1042500.0,0.9946448082143637,0.001274503629546814
1042600.0,1.0089209077379095,0.0011017039289901666
1042700.0,0.9979815699488572,0.000981828780309779
1042800.0,0.9971140078337094,0.0011470316230412021
1042900.0,1.003719902961435,0.0010433592091438557
1043000.0,1.017066627573864,0.0007913431311262629
1043100.0,1.0206289478771655,0.0010784323030733952
1043200.0,0.9997900381567905,0.0009298080691328988
1043300.0,1.009350394818221,0.0008986303769841911
1043400.0,0.9818864725961909,0.0010337762731285145
1043500.0,1.0077156826738989,0.0007514888655520252
1043600.0,0.9993429318405174,0.0008778155576596128
1043700.0,1.0029105532879705,0.0010448458689203614
1043800.0,1.0141819425750793,0.001188890971439025
1043900.0,0.9844851566622737,0.0011952619328738946
1044000.0,0.998361493376813,0.0010446547149894079
1044100.0,0.9994821347545741,0.0007847845927409481
1044200.0,0.9948047272581594,0.001005120055417912
1044300.0,1.0022681350184621,0.0011567461315802623
1044400.0,1.0064666835428817,0.0009751375091483043
1044500.0,0.9946696684584506,0.0008473177847324302
1044600.0,1.0122867293454805,0.0009124863363586638
1044700.0,0.9943541525717957,0.0007676345293681979
1044800.0,0.9882519670634614,0.0009500918274156088
1044900.0,1.0109577815337503,0.0006827591434213311
1045000.0,0.9941529630451056,0.0008708165046612821
1045100.0,0.9943412927977049,0.0008881410146587365
1045200.0,1.0049054851551722,0.0005712043520042148
1045300.0,0.9923227059987466,0.0008789681301310666
1045400.0,1.0035212012136399,0.0008269264454820949
1045500.0,0.996557671295417,0.0008183827449581295
1045600.0,1.0023899255796005,0.0008338122332221598
1045700.0,1.009587633353016,0.0009697083144313706
1045800.0,1.0091572379298892,0.0009287848389211331
1045900.0,0.9916471939440629,0.0008986367438725193
1046000.0,0.9826652698940532,0.0008547350696020383
1046100.0,1.000280198387848,0.0009296760359735311
1046200.0,0.9927574144401288,0.0011088737158344091
1046300.0,1.0037507445678262,0.0009824979340403303
1046400.0,0.9840393008789629,0.0008088557959577105
1046500.0,0.9809720247538186,0.0007500097021493835
1046600.0,1.0005922114010286,0.001490845042688351
1046700.0,0.9942269325519755,0.0012360368836558911
1046800.0,0.9847108838050795,0.0009313661863707842
1046900.0,0.9835551141229685,0.000941402324499756
1047000.0,0.9998799021311143,0.0008006262649010346
1047100.0,0.994968886377025,0.0007506015306670266
1047200.0,1.0005278621050697,0.0010805384601925204
1047300.0,0.978728413784542,0.0006051913382412874
1047400.0,1.0036974055409436,0.0005488542949212784
1047500.0,0.9839192803683012,0.0011310816681775022
1047600.0,0.9967308180452717,0.0010356748741078441
1047700.0,0.981985656228198,0.0007985622557505208
1047800.0,0.9945212930426311,0.0009416051031261343
1047900.0,1.0092522019637262,0.0007710577285969907
1048000.0,1.0055406850824145,0.0007322662073888355
1048100.0,1.0139046007999548,0.0007804949691023629
1048200.0,1.0100003199080605,0.0009794005304327863
1048300.0,1.0026518604245496,0.00108680921659273
1048400.0,0.9736109181025222,0.0007801384043931571
1048500.0,0.9891591306226721,0.0010688525755812189
1048600.0,1.008193928011411,0.0007925675123818806
1048700.0,0.9978808785865512,0.0007986346571992252
1048800.0,1.0078491132744345,0.0006139802818676964
1048900.0,1.0203484253517399,0.0008617877311123705
1049000.0,0.994390719205029,0.0009887102222673663
1049100.0,0.9807805889454853,0.001007963714999817
1049200.0,1.002675816448418,0.0009204998111499499
1049300.0,0.9882776113558794,0.0008133483510380607
1049400.0,0.9871271973291829,0.0008542913202061254
1049500.0,0.9979178806162078,0.0009071930625496016
1049600.0,0.9934360928717852,0.0007047682109435991
1049700.0,1.0125302848357491,0.0008437980609420956
1049800.0,1.0017534258622152,0.0009107508054765217
1049900.0,0.9867114539102934,0.0007868395362388247
1050000.0,0.9960374724038387,0.0009112057988015422
1050100.0,1.0132474261820716,0.00114059990976498
1050200.0,0.9877435834393598,0.000984323944315693
1050300.0,0.9842182523889766,0.0007385745634761232
1050400.0,0.9895567706951264,0.0008117736355588915
1050500.0,1.0146557016552094,0.0008103178711376641
1050600.0,0.9813965683295152,0.0008859370137739866
1050700.0,1.0056666742894094,0.0009609765696233345
1050800.0,1.0164345002642123,0.0007537884843431169
1050900.0,1.0028358651982334,0.0011076037972438388
1051000.0,0.9841447045182404,0.0008559451859138729
1051100.0,1.0192857302044271,0.0008861692684776146
1051200.0,1.0037472083860821,0.0009362384241886727
1051300.0,1.0209934619949919,0.0011399948113102703
1051400.0,0.989097680833386,0.0009421745918372174
1051500.0,0.9958898691260514,0.0007134031989569926
1051600.0,1.0211940704816513,0.0009444197686506678
1051700.0,1.0000910193515877,0.0009447262675637956
1051800.0,1.000685852613827,0.0008667451619241061
1051900.0,1.0004285405289242,0.0006818052044360068
1052000.0,0.9885044229533582,0.0008255101124358284
1052100.0,0.9910647336444118,0.0008042668481311719
1052200.0,0.9831205269128713,0.0007603330420478652
1052300.0,0.98014139593353,0.0011119679916135915
1052400.0,1.0083451773264211,0.0008941503401596331
1052500.0,0.9772293546165219,0.0006085479286411839
1052600.0,1.0023606586032872,0.001080417983953747
1052700.0,1.0173846484188342,0.0011456862002215905
1052800.0,1.0022192363090303,0.000857032456825744
1052900.0,1.0004964193082517,0.0007519800749907304
1053000.0,1.0080656151251557,0.0009813207893473793
1053100.0,1.036719236314268,0.0006970808997089674
1053200.0,1.01119610402793,0.0009802871037887311
1053300.0,1.0258585697362852,0.0009920710163215994
1053400.0,1.0037007306246153,0.0009962288451207098
1053500.0,0.9928017932110096,0.0007428069978673171
1053600.0,0.9968894593544462,0.0004884960071845544
1053700.0,0.9945610402029728,0.0013621114842912675
1053800.0,0.9976237123868282,0.0007984708697624836
1053900.0,1.0209060460565,0.0010265844146981546
1054000.0,0.997244059680689,0.0006743076181382941
1054100.0,0.9961544031603614,0.0008560252652812029
1054200.0,1.0067832782504513,0.0011820192013730644
1054300.0,0.98448370299175,0.0009685940723838862
1054400.0,0.9970624706201051,0.0009915018807913486
1054500.0,1.003509908847504,0.0008638314152807743
1054600.0,0.9993099497668172,0.0007545200311639309
1054700.0,0.9952725426735985,0.0010483227006985048
1054800.0,0.9897247273438855,0.0008381154460955809
1054900.0,0.9951310901787709,0.0005310361960428962
1055000.0,1.001056508394127,0.0007826669944055666
1055100.0,0.9815263128943315,0.0008284812941546443
1055200.0,0.9869941432151436,0.0010821662275561665
1055300.0,0.9912309638084614,0.0009698407122777998
1055400.0,0.9695240173429237,0.0008440743688294367
1055500.0,0.9936251027203666,0.0011171250506729464
1055600.0,0.9871588085047188,0.0008211943238108779
1055700.0,1.0022858283746614,0.0012272076997503203
1055800.0,0.9787057746547069,0.001209975062625292
1055900.0,1.0063665912129427,0.0011992716878799457
1056000.0,1.021983479244978,0.001119131513188333
1056100.0,1.0104302368483247,0.0011470900023566
1056200.0,0.9983901908723829,0.0008256007138163225
1056300.0,1.0066357685654128,0.0007424207275212803
1056400.0,1.0133003074223637,0.0007760739774346948
1056500.0,1.0041073511939773,0.0011181253427735964
1056600.0,0.9825462972969379,0.0005199081887499234
1056700.0,1.0065224588878356,0.0008809464429996153
1056800.0,1.001453494572139,0.0010822337034544192
1056900.0,1.0004593727795263,0.0010287664913392134
1057000.0,1.0066284119397853,0.0009578326456989813
1057100.0,0.998169645457011,0.0006588986851598504
1057200.0,0.9886954076803568,0.001160167317343582
1057300.0,1.0049880707181984,0.0008092266115723225
1057400.0,1.0078651593212957,0.0007870521636534432
1057500.0,1.009526057256688,0.0008399106928185557
1057600.0,0.9741669637621986,0.0008470467490307398
1057700.0,0.9962932086035535,0.00042046344260841454
1057800.0,1.0089315066498943,0.000997786857103938
1057900.0,0.9910957652597807,0.0009582115806438858
1058000.0,0.9812307275418365,0.0008126306726213832
1058100.0,0.9853307434164436,0.000812471815060595
1058200.0,0.9850482675014142,0.0009197629936353383
1058300.0,0.9941838226367343,0.0009477027262025581
1058400.0,1.0003016984278212,0.0011106110209855296
1058500.0,0.9942204337300314,0.0008928556189279063
1058600.0,1.0053272218216158,0.000864028596599279
1058700.0,1.00747499654676,0.0009820954129196716
1058800.0,0.9918306983590842,0.0007495109363845157
1058900.0,1.0263963898818926,0.0008077148533053941
1059000.0,0.9968936068508591,0.0007420343411886238
1059100.0,1.0041837277133052,0.0007842135461853044
1059200.0,1.0037150521071962,0.0012667946576052842
1059300.0,0.9889590285976736,0.0006460044318556603
1059400.0,0.992712932910746,0.0011687313054875627
1059500.0,0.9735618274249215,0.0009668921720574147
1059600.0,1.0100407406206722,0.0009845018444586148
1059700.0,0.9962982168370255,0.0008041597969622534
1059800.0,0.9919696377756987,0.0009595017462696487
1059900.0,1.0084920714607615,0.000967244661072367
1060000.0,0.9946006350743882,0.0005376150673659453
1060100.0,0.9885148910535546,0.0009309537268948822
1060200.0,1.0061297409236718,0.0009017456641269604
1060300.0,0.9883694288028867,0.0009174309905315442
1060400.0,1.021466616613637,0.0011302313598703267
1060500.0,0.975010629245495,0.0007785163365805431
1060600.0,1.0075144975498433,0.0008308990996196622
1060700.0,1.0113688207107694,0.0012915390573160967
1060800.0,1.0020519774785723,0.0010652851634757453
1060900.0,1.0042915149020786,0.001060632331306495
1061000.0,0.988429844799812,0.0010261051989379271
1061100.0,0.9922731111921805,0.0008357856481499142
1061200.0,0.9871336968703315,0.0007335746523424282
1061300.0,1.0119151811115088,0.0009094917722208704
1061400.0,1.0127454417415056,0.0008318715830440937
1061500.0,1.0170556959035424,0.0007879014630140564
1061600.0,0.9880202753643207,0.000815745798705164
1061700.0,1.0150936014063408,0.0011072474683098176
1061800.0,0.9963808892140577,0.0008180618623677728
1061900.0,1.0018080191057708,0.0009456660986328
1062000.0,0.9789061518985068,0.0007662359663136882
1062100.0,0.990089250145779,0.000981493558189302
1062200.0,1.0126211289380467,0.0007749365952081843
1062300.0,1.0101239162735114,0.001118503477375158
1062400.0,1.0009933432394662,0.0007437661567205885
1062500.0,0.9730721336795286,0.0008530988525147302
1062600.0,0.9847615462648774,0.00044306708842652446
1062700.0,1.0285071209472108,0.0009775961189556874
1062800.0,1.0039292492746132,0.0005228610134188923
1062900.0,0.9855674402680281,0.0008288728791281386
1063000.0,1.0020377743548452,0.0010077586008479854
1063100.0,1.0209034752607127,0.0009077590045052133
1063200.0,1.004475017812387,0.0006316752839673521
1063300.0,1.0060955663595208,0.0010955340965535573
1063400.0,0.987635859204204,0.0013185798775100896
1063500.0,1.0134670538462398,0.0007948538610340461
1063600.0,1.0133448547215136,0.0009880714458034125
1063700.0,0.9880526039358153,0.0010910126490845133
1063800.0,1.0212791859152974,0.000694603036388415
1063900.0,1.0003904597563642,0.000809608199104375
1064000.0,1.006037432258741,0.0010156710796792995
1064100.0,1.0036737734205696,0.0007601118288021894
1064200.0,0.9794811359161998,0.0009644035108167474
1064300.0,0.9915188403613375,0.0009907983415656288
1064400.0,0.9855216559571821,0.00090946200270126
1064500.0,1.0066480834617013,0.0011958834415795512
1064600.0,1.0060945721160561,0.0007739397967127995
1064700.0,0.9990587009777343,0.0009630128052747295
1064800.0,0.9838473088330688,0.000729090474241687
1064900.0,1.0207627659599388,0.0008807448742353972
1065000.0,1.0008492205910924,0.0008954698228663033
1065100.0,1.0035885678094394,0.0009082123048289567
1065200.0,0.9859101149716584,0.0009596624833873911
1065300.0,1.0050536370708698,0.000807153279708983
1065400.0,1.0025413632572462,0.0009381276413467765
1065500.0,1.0130275205015355,0.0010745172295168923
1065600.0,0.9984275460534863,0.0009055045035777668
1065700.0,1.0026065762032306,0.0009761457685948152
1065800.0,0.994224363052199,0.0008264904405305474
1065900.0,1.015304791385654,0.0010020084992609785
1066000.0,1.0081516610010512,0.0012401391447192992
1066100.0,1.0052933102587325,0.0012409400706043683
1066200.0,0.9957549017979915,0.0012513851545363354
1066300.0,0.9993788661092666,0.0007965860335490647
1066400.0,0.9968093210678269,0.0007999342547556342
1066500.0,1.0146211963052012,0.0010298856450935087
1066600.0,1.0051974201676301,0.0007396465339404903
1066700.0,1.0009982414441643,0.0008389268781266552
1066800.0,0.9934071627901472,0.00040735670961498976
1066900.0,1.0136796558525925,0.0008593675148214268
1067000.0,1.0079328531624803,0.0009199632305340912
1067100.0,0.9943175404096342,0.0008682637958266938
1067200.0,0.9928915204086959,0.0010016173602975652
1067300.0,0.9696449736766949,0.0010275628845534224
1067400.0,1.004455626219284,0.000911047802374493
1067500.0,1.0051212885385141,0.0009425018134604758
1067600.0,1.0055569667525488,0.0007390045601613786
1067700.0,1.0208887376264197,0.0009905342327686235
1067800.0,1.0230899550351145,0.0007684160049049551
1067900.0,0.9966566047990503,0.0007687839250847088
1068000.0,1.006737857418147,0.0012652116976858284
1068100.0,0.986737831450664,0.0007655026670779072
1068200.0,1.006225384895141,0.0011567913855157995
1068300.0,0.992180702506597,0.0010184579192124346
1068400.0,0.9998876543987307,0.000981500090250437
1068500.0,0.9918092709753742,0.0008545356371725726
1068600.0,0.980745487886328,0.0009403941716480847
1068700.0,1.0057519520527995,0.0010746979287959426
1068800.0,0.997158536837106,0.001126437199089725
1068900.0,0.9812387233358417,0.0009408204989319349
1069000.0,0.9818076765662475,0.0008590030037380962
1069100.0,1.011741101655094,0.0008753341010419878
1069200.0,0.9927233382816198,0.0011182685317069826
1069300.0,1.0305335126157678,0.0009003209909921838
1069400.0,1.000828796055286,0.0007355368049660221
1069500.0,1.0096355133042267,0.0010910622212453834
1069600.0,0.9716705852583583,0.0007439581463495485
1069700.0,1.012780045381031,0.0007885454537308133
1069800.0,1.0042186752027833,0.0009518902011989397
1069900.0,1.0070870615909822,0.0012526715191708167
1070000.0,1.0140297628616766,0.0010361923642237543
1070100.0,1.0048106622810753,0.0011252983373039114
1070200.0,0.9966706657661726,0.000879514963324972
1070300.0,0.9934394057187529,0.0008655130181117532
1070400.0,1.0054949241019857,0.0008795021055432296
1070500.0,0.9925047771175572,0.001201539833808338
1070600.0,1.0126629852152824,0.0009845155737072315
1070700.0,0.9961246209692473,0.0008047574571726087
1070800.0,1.0099301182333658,0.0010139224832332754
1070900.0,0.9832202767850126,0.0007960871476205557
1071000.0,1.0093689621965618,0.0012211452257716573
1071100.0,1.0069447532629574,0.0007233667657243421
1071200.0,1.0047828109892687,0.0010802316762135965
1071300.0,1.020747640445997,0.0012875092908249902
1071400.0,1.0012901144985724,0.0006707627963860566
1071500.0,1.0141552980108444,0.0011049013851189115
1071600.0,0.994676737194692,0.0011112468065623629
1071700.0,1.0093668329570271,0.0008539004634631445
1071800.0,0.9889800347427513,0.00104892108793401
1071900.0,1.0204682464788042,0.0010090022272153134
1072000.0,1.0005442802383537,0.0007892225886960612
1072100.0,0.9938411903410701,0.000992511612666464
1072200.0,1.00738216301794,0.0007657178211653098
1072300.0,0.9864710171592697,0.0008562070758758206
1072400.0,0.9918287009568922,0.0009257132473484284
1072500.0,1.0163344444011178,0.00119941502826113
1072600.0,0.9841725352242803,0.0007327000297481963
1072700.0,1.0112008604155514,0.000702523165284414
1072800.0,0.9800170272581772,0.0011130457664790306
1072900.0,0.9858759709367177,0.000925200534658783
1073000.0,0.9989739182288941,0.0008528406065960964
1073100.0,0.9705786509167389,0.0007229420199685145
1073200.0,1.007404435477585,0.0011577701624895028
1073300.0,0.9940537294290283,0.0009541331638846329
1073400.0,1.003282247432101,0.0010845474064357897
1073500.0,1.008317483881545,0.0010917091463144108
1073600.0,1.0139869481195887,0.0012109531371364828
1073700.0,1.0247937355825365,0.0011579148776551128
1073800.0,0.9945853378434001,0.0006663841425210441
1073900.0,1.0148907713844633,0.0007760036279872695
1074000.0,1.0044720233523448,0.0011345913491249008
1074100.0,1.0063238943134376,0.001133805529646218
1074200.0,0.9960065932226178,0.000941118771149787
1074300.0,1.0011116546202254,0.0010911161130712874
1074400.0,0.9934437097075135,0.0013061532096554159
1074500.0,0.991194382326592,0.000742221260481189
1074600.0,1.0013609195495308,0.0006879213951069905
1074700.0,1.0036603082671791,0.0009189927451695252
1074800.0,1.007986397770601,0.0010518309078763046
1074900.0,1.0130310356187244,0.0007858397873274017
1075000.0,1.0230775149847662,0.0009802560055905778
1075100.0,0.9897797939944872,0.0007212411743576238
1075200.0,0.9903243444255669,0.0009085395980377112
1075300.0,0.9976344514214102,0.0006126959133990564
1075400.0,1.0098996351889546,0.0007346376861872528
1075500.0,0.9968753902757069,0.0006229778884663058
1075600.0,1.004014167469731,0.0009467389082968615
1075700.0,0.9871093783465543,0.000889735043314259
1075800.0,1.0051375464480523,0.0008929868763146455
1075900.0,1.0009700050560315,0.0008003040259768925
1076000.0,1.0383861627489426,0.000995652569875839
1076100.0,1.0002715948494392,0.0010040760315139078
1076200.0,1.0159917538566539,0.000603402304351117
1076300.0,1.0065014507179224,0.0010019601345409906
1076400.0,0.9997879610835114,0.0008131221072278877
1076500.0,1.028307881424182,0.000742755815712331
1076600.0,0.9879017442168903,0.0007429818282617593
1076700.0,0.9956031512950907,0.0008237203800862591
1076800.0,0.9976663793899646,0.0007974194103867705
1076900.0,0.9873969248712061,0.0011049748702920933
1077000.0,0.9940863252077162,0.0009954217356376088
1077100.0,0.9758613561497321,0.0009043227370824197
1077200.0,0.9777165801829011,0.0007551329174239753
1077300.0,1.0027384839756281,0.0007876363017313308
1077400.0,1.000064944636719,0.0009438883335186412
1077500.0,0.9994755655318445,0.0009287888646531745
1077600.0,1.0141432825278023,0.0004499694539223014
1077700.0,1.0203286824871594,0.000447463309684467
1077800.0,0.9882850453791058,0.0007612019878406186
1077900.0,1.0130867418780085,0.0008603771719544645
1078000.0,0.9920109236196358,0.0010438579863337593
1078100.0,1.0039892142338016,0.0006921808530097415
1078200.0,1.0107749454869128,0.0013327721984448895
1078300.0,0.9935976999627094,0.000645245789936375
1078400.0,0.9996364416112244,0.0008464790628054681
1078500.0,0.977761831063573,0.00052515301610172
1078600.0,0.9820559005301414,0.0010742970600167376
1078700.0,0.986688512888266,0.001020225956051846
1078800.0,0.986794481685252,0.0008624090749055537
1078900.0,1.0044756160095574,0.0009225464043919872
1079000.0,1.009665955994756,0.0008069817874868437
1079100.0,0.9997868254829544,0.0009636356587187264
1079200.0,0.9807459459415829,0.000751491920974472
1079300.0,0.9901629164107386,0.0007619579476683768
1079400.0,1.0009056789456663,0.0008621695463245108
1079500.0,0.9938920514808856,0.001013271062866013
1079600.0,1.0087933500373336,0.0006407882621127376
1079700.0,1.010191137468683,0.0011624613783644577
1079800.0,1.0137287466906049,0.0009296034195252772
1079900.0,0.9949077831129525,0.0008236918867969468
1080000.0,1.0124700130925806,0.0008854542698438225
1080100.0,0.9989079766240366,0.000596492204143937
1080200.0,0.9993589213153636,0.000996235722031523
1080300.0,0.9832851128104658,0.0009382874774661978
1080400.0,1.003007673268263,0.0007438225954900978
1080500.0,0.9934823954346376,0.0008209131507589882
1080600.0,0.9976109336584107,0.0009967719507456823
1080700.0,1.0040397785380821,0.0011724536206100195
1080800.0,1.0054574027495142,0.0010754465445933486
1080900.0,1.0087225310903927,0.0007421672060080107
1081000.0,0.9884997221801207,0.0011053631387086308
1081100.0,1.009506602872057,0.000914767968745273
1081200.0,0.9909772871845736,0.0010197697037072457
1081300.0,1.0157135353904545,0.0007171571237749619
1081400.0,0.9985833454007452,0.0008107347897207813
1081500.0,0.9805728414057622,0.000889497829363027
1081600.0,1.003772455544208,0.0008560215952770743
1081700.0,0.9966743756049571,0.000991304824482175
1081800.0,1.0069185590376633,0.0012863144014740248
1081900.0,1.017358972720861,0.0013063888043525907
1082000.0,1.015595790621364,0.0009290835639953149
1082100.0,0.9902472209516663,0.0010624083638784765
1082200.0,0.9919111391163059,0.0007983556543954332
1082300.0,0.9934672193915902,0.0008843184912285614
1082400.0,1.0057144060759553,0.0009676920394408517
1082500.0,1.0259017512472117,0.0009378346917993357
1082600.0,0.9937516666907164,0.0008695307167853436
1082700.0,1.0047740960780183,0.0008224483081143716
1082800.0,0.991662045235718,0.0005793024213593112
1082900.0,0.9768211486279462,0.0006821820957439031
1083000.0,0.9955058826409676,0.0007465364395369617
1083100.0,0.999918454677297,0.0008517889161937077
1083200.0,1.000299779794784,0.000944739316999238
1083300.0,0.9926566008426079,0.0010094217680609672
1083400.0,0.9976413780130813,0.0008156938401310412
1083500.0,0.9974739588099113,0.0006863579413104203
1083600.0,0.9910046646134125,0.0010979166662411265
1083700.0,1.0102512852821046,0.0011320056899811759
1083800.0,0.9998425450016969,0.0010472740451929292
1083900.0,0.9919936362815407,0.0010761220425960685
1084000.0,1.003667817498471,0.00088298895760387
1084100.0,1.0062792732825565,0.0009671805253692324
1084200.0,1.0097132744763686,0.001150278742287854
1084300.0,0.9999120783097547,0.0011929499836949265
1084400.0,1.0077010747813104,0.0011421478597176983
1084500.0,1.003516742580055,0.000852305094769021
1084600.0,1.003080202483676,0.0008853461424643381
1084700.0,0.9840950050531876,0.001060627024308368
1084800.0,0.9969307597812762,0.0007976112998371369
1084900.0,0.995158242345166,0.0009375034028136208
1085000.0,0.9988112157051893,0.0009792504052078218
1085100.0,1.0007037136145882,0.0007419909148815034
1085200.0,0.9945109882837571,0.000615768622701798
1085300.0,1.0042984325276068,0.0008662285235167148
1085400.0,1.0061609615657279,0.0012318015848218175
1085500.0,0.9791598164556657,0.0011495942716082447
1085600.0,0.9935168916715076,0.000850644423946338
1085700.0,1.020829078200317,0.0010937780000894316
1085800.0,1.009468530810072,0.0008153353368428819
1085900.0,0.9957181579677423,0.0008799630768227444
1086000.0,0.9922736176383369,0.0010051713764040557
1086100.0,0.9954145693092668,0.0008820836594292739
1086200.0,1.0286027481771467,0.0009998054910699506
1086300.0,0.990838865556569,0.0011247803010960439
1086400.0,0.9814338274244946,0.0011049149847881406
1086500.0,1.0016878696126381,0.000875253970498543
1086600.0,1.007102080650084,0.0008340011499603596
1086700.0,0.9830917256856332,0.0008947034276184722
1086800.0,1.0054151701097838,0.0009731101729781188
1086900.0,0.9902843164417935,0.0009460301373264611
1087000.0,1.003096773998221,0.0006224569993729041
1087100.0,1.0034076420403157,0.0006062109721181959
1087200.0,1.0124732131266858,0.0008729570341366606
1087300.0,0.993508255386175,0.0010637422577089136
1087400.0,1.0081472833804708,0.0008283324103623546
1087500.0,1.001791513244006,0.0007867172573162103
1087600.0,0.9741625026138608,0.00108761824005068
1087700.0,1.0086049960080004,0.0011269464132429021
1087800.0,1.028866895610624,0.0007122137362286518
1087900.0,0.987298110736168,0.000834148959590331
1088000.0,1.0206559084983349,0.0008534189225005811
1088100.0,0.9764251492979306,0.0008258406149778638
1088200.0,1.0032343476082317,0.0011603520861646437
1088300.0,0.9998616666298819,0.0008034203620783147
1088400.0,1.005369814766923,0.0006656187765135642
1088500.0,1.000073538668395,0.0008397873779276897
1088600.0,0.9874926311023383,0.0008002198601268661
1088700.0,1.0131883505504131,0.0006104006976635249
1088800.0,0.9880117555711599,0.001186850378521431
1088900.0,0.9992407510942284,0.0006627008444012853
1089000.0,1.021111840111489,0.0011013673113830114
1089100.0,0.9997971934157109,0.0007030877219318211
1089200.0,1.0141207897537714,0.0009229336317730154
1089300.0,1.0001760463236895,0.0009287191613333274
1089400.0,0.9993887022582122,0.0009644958612800474
1089500.0,0.9981015881431792,0.0007546940448504571
1089600.0,1.011553540543973,0.0008659836374123736
1089700.0,1.0120492107988304,0.0005864087759171239
1089800.0,0.983343223115514,0.0009572515782510022
1089900.0,0.9814999507340958,0.0011785645514455327
1090000.0,0.9666001802056972,0.0009262063637027889
1090100.0,0.9731200150253944,0.0006749081646239372
1090200.0,1.0139832605084071,0.0010158200586995554
1090300.0,0.9983253595654974,0.0008178349812114009
1090400.0,1.0051593413543929,0.0010018850387969757
1090500.0,1.0044457992673193,0.0007879024814053363
1090600.0,1.0031988284787678,0.000957991058594649
1090700.0,1.0102028979771287,0.0007544176805893325
1090800.0,0.999700703072698,0.0008105437576954039
1090900.0,0.9908657945357656,0.001043257062393192
1091000.0,1.0203979179586624,0.0006775821314943972
1091100.0,1.0231774725980978,0.0007181591460235327
1091200.0,1.0151574426732752,0.001029188566436085
1091300.0,1.0270909484197799,0.000573492171772061
1091400.0,1.0021192784082478,0.001055562214992519
1091500.0,0.9912066008216456,0.0010474121437473098
1091600.0,0.9940036954769826,0.0008020491239011294
1091700.0,0.9657778899366701,0.0008029892939571155
1091800.0,1.000132340943313,0.0007311686563045415
1091900.0,0.9988677890307613,0.000716137339647588
1092000.0,0.9968548954223627,0.0008734468326053294
1092100.0,1.0130284718945264,0.0011173631320162366
1092200.0,0.9991243893864403,0.0009480983682140675
1092300.0,1.0044074598138666,0.0008572702434401319
1092400.0,1.0208477907655864,0.0009398129142323534
1092500.0,0.9698597486810975,0.0006674467532633405
1092600.0,1.014824018573542,0.0009143005396816825
1092700.0,1.006960203540599,0.0010098184581653904
1092800.0,0.9931446051365078,0.0007453307912300742
1092900.0,0.974163761264625,0.0009752784077426403
1093000.0,0.9932941767944944,0.0007997690001929417
1093100.0,0.9851869453776071,0.0006249943440013486
1093200.0,1.009359810759467,0.000759757648850842
1093300.0,0.9869759650197646,0.0010694681937510019
1093400.0,0.9981796993721199,0.0011827124793941433
1093500.0,1.0010749916893176,0.0006614312093134194
1093600.0,1.0156603700452158,0.0012689612592429258
1093700.0,0.9894660174200683,0.000983640128254242
1093800.0,1.0026858630230964,0.0009142330229683076
1093900.0,0.9788073651750232,0.0009385860860066832
1094000.0,1.012093233786409,0.0008871774959702142
1094100.0,1.003202995564442,0.0009943561741454364
1094200.0,0.9844715712148551,0.0005008191200469458
1094300.0,0.9932562227881216,0.0006294512692957235
1094400.0,1.0291914890275977,0.0006714756781702319
1094500.0,1.0057661865468275,0.0009052059079034219
1094600.0,1.00865041491414,0.0011181519861121986
1094700.0,0.9954324321714544,0.0011780801470324424
1094800.0,1.0030099069765814,0.0009344146171893831
1094900.0,1.0121127475532412,0.0011637608017967724
1095000.0,1.007995357133461,0.0008347678944242981
1095100.0,0.9910698392839479,0.0006578756323702056
1095200.0,0.9999342843225925,0.0008894022929984371
1095300.0,0.9896390955378028,0.0008488244116009676
1095400.0,1.0068606755628342,0.0007931863589081904
1095500.0,1.0037715279040376,0.001040485281964735
1095600.0,0.9917418671346675,0.0012048913194287016
1095700.0,0.9927990533254096,0.001048942937424979
1095800.0,1.0076083697474811,0.0007068905586766634
1095900.0,0.9986850806309207,0.0006008579254060642
1096000.0,1.0007589775216448,0.0012264232191158617
1096100.0,1.021157134265834,0.0009534442239074278
1096200.0,1.0123714675992572,0.0009050575789411018
1096300.0,0.9950468328241872,0.0009103232655651148
1096400.0,1.0119180176287483,0.0006996427676797406
1096500.0,1.0020184330224433,0.000846476242079909
1096600.0,0.9950995325585152,0.0009662271086517968
1096700.0,0.9948705205164271,0.0007593141979715276
1096800.0,1.00118424342674,0.0007446302654475509
1096900.0,0.9881200546620736,0.0007322351364772529
1097000.0,0.9603083202526649,0.0010459947071613295
1097100.0,0.9986788709201456,0.0008624151442630116
1097200.0,0.9921423626205303,0.0008789565443960459
1097300.0,0.9852501805383441,0.0009406116872400571
1097400.0,1.0177884940759925,0.000989047134877883
1097500.0,0.9944457967022293,0.0011412249402739877
1097600.0,1.031589506916249,0.0009506450214670351
1097700.0,1.0044093128898377,0.0006967238761217921
1097800.0,0.9940822529203839,0.000862729178790624
1097900.0,1.0076294097304828,0.0008384259166584777
1098000.0,1.0105968558447849,0.0009414944634662927
1098100.0,1.0003968718826206,0.0008461005242835063
1098200.0,1.007964686422401,0.0008364497004198806
1098300.0,1.0148263739125596,0.0011532069684423894
1098400.0,0.9895627184945363,0.000642230016554152
1098500.0,0.9912344401694614,0.0007390893125318354
1098600.0,0.9875837592659094,0.000909609949067541
1098700.0,0.9778921020369238,0.0006078671967011717
1098800.0,0.9920222902972569,0.0011765652362008313
1098900.0,1.0090508249550012,0.0009214627758125759
1099000.0,1.0115566045993774,0.0008052858276603769
1099100.0,1.0038893768292607,0.00071802310106792
1099200.0,1.0112553573370804,0.0007192197872798413
1099300.0,0.9867867404641856,0.0005647523509740633
1099400.0,1.013912882096802,0.0010056611191817035
1099500.0,1.0028238975381716,0.0010074926415186885
1099600.0,0.9996923680850291,0.0007468620706253497
1099700.0,1.0161490354354048,0.0012165695136198648
1099800.0,0.9912624211045248,0.0005615588769614714
1099900.0,0.996542223825734,0.0007829397744150538
1100000.0,0.9885230284601525,0.0010718217779046833
1100100.0,1.0113683033334349,0.0010681245550916985
1100200.0,0.9992375380944096,0.0008130093120604153
1100300.0,1.0031768847996956,0.0013736545212101156
1100400.0,1.0065389496490316,0.001077916769559652
1100500.0,1.0151744444664257,0.0006636043846264623
1100600.0,1.022519927100741,0.001045259831754555
1100700.0,0.9975191854690371,0.001005533190405266
1100800.0,0.9944045350354426,0.0010923656490747422
1100900.0,0.9771276542420112,0.0006681536707046631
1101000.0,0.9914775074631623,0.0006264861312077684
1101100.0,0.9967270260278999,0.0012199113368765173
1101200.0,1.0014620793004168,0.0009090808147800989
1101300.0,0.9887953643084021,0.0006502936694413561
1101400.0,0.9936552791573888,0.0006915926046513673
1101500.0,0.999895031568547,0.0006775220940955924
1101600.0,0.9910303675485286,0.0007537151476903966
1101700.0,0.9971987116596489,0.000988654634075782
1101800.0,0.9911734301883598,0.0006761330959163139
1101900.0,1.007842761258068,0.0009883516706377053
1102000.0,1.022112990166627,0.0010211825563138785
1102100.0,0.9984065232789234,0.0013109081622524246
1102200.0,1.0060984805168676,0.0012544741705041297
1102300.0,1.012632186437801,0.0012193074903174232
1102400.0,0.9876908838462997,0.0007370567781968516
1102500.0,0.9948377459630815,0.0007904095405996825
1102600.0,0.993992956421971,0.0007492373013292478
1102700.0,0.9774596963570317,0.00028874326107074054
1102800.0,1.0007029594346866,0.0011051076690894639
1102900.0,1.0100349289843602,0.0007665941944317852
1103000.0,1.0061230219920054,0.0010651427765802485
1103100.0,0.9916987924416809,0.0010631880400264293
1103200.0,1.0067607510524237,0.0006400427925156751
1103300.0,1.0087261019875045,0.0009050175039354525
1103400.0,1.003757401052716,0.0012120085943582927
1103500.0,0.9879275140758078,0.0009197838659754748
1103600.0,1.0006337768562161,0.0010134409299552454
1103700.0,1.0039416572735962,0.0010818533458910825
1103800.0,0.9929445928042988,0.0006991982973568577
1103900.0,0.9864577745738017,0.0008531735121452354
1104000.0,0.9962896541395813,0.0008454686013697028
1104100.0,0.9841207120236685,0.0008056877926192296
1104200.0,0.9966507974200591,0.0008962558417793273
1104300.0,1.005625689943344,0.0006823289719305072
1104400.0,1.0126819048901816,0.0010212257074441611
1104500.0,1.0078431129265264,0.0006935860212888314
1104600.0,1.0042966490351135,0.0010995905426475245
1104700.0,1.0001776668463376,0.0005833465420690493
1104800.0,1.0025953701432333,0.0009238379244334093
1104900.0,0.975232207758733,0.0011482090989957548
1105000.0,0.989043305069967,0.000644040191678987
1105100.0,0.9936978744983717,0.0007539664297951874
1105200.0,1.0034541619124497,0.0010364282499116257
1105300.0,1.0048222497786026,0.0008753505692154781
1105400.0,0.9976823074165719,0.000977068575288531
1105500.0,1.0117116095606185,0.000952477450126543
1105600.0,1.0023446059994454,0.0009490188588165222
1105700.0,1.0069373368934997,0.001047625591711487
1105800.0,0.9939960942523653,0.0011533243502699427
1105900.0,1.0045286574234331,0.0007123152684348056
1106000.0,0.9746881498861992,0.000794402353126927
1106100.0,1.0051130839463596,0.0008641837856145795
1106200.0,0.9958883802329641,0.0007850961141065373
1106300.0,1.000794983685895,0.0010272266917885206
1106400.0,0.9964145793182123,0.0007490682354277505
1106500.0,0.979348935508556,0.0012020413264714567
1106600.0,0.9899142494933735,0.0012088819387162338
1106700.0,1.0263318004956565,0.0008472892847187848
1106800.0,0.9832246031770091,0.0008686762242804042
1106900.0,1.010464098798059,0.0008980372888332818
1107000.0,0.9908487510507465,0.001366178084244797
1107100.0,1.0253432214408142,0.0011627487536372211
1107200.0,1.0120293760768289,0.0008642117419707638
1107300.0,1.017698001984625,0.001035828365513636
1107400.0,1.0109681969331228,0.0010465725863849091
1107500.0,0.9942695353674678,0.0008918818924520231
1107600.0,1.0036604801163782,0.0009102787727444976
1107700.0,0.990207111299155,0.0009750764274013509
1107800.0,0.9993751618272351,0.0006225806391067457
1107900.0,0.9810822469468166,0.0009917770657726212
1108000.0,1.0129907979965098,0.0008707770727364183
1108100.0,1.0305283252963944,0.000876566579564464
1108200.0,1.0071643909233527,0.000995963644094028
1108300.0,0.9986066780476582,0.0007392930908059901
1108400.0,1.0026051961486109,0.0011827768803527488
1108500.0,0.9994271898973145,0.0008248168228461637
1108600.0,1.0067514464264053,0.0008549967098686236
1108700.0,1.0028045807928938,0.000915587805245053
1108800.0,0.9918232501238793,0.0009540961066763205
1108900.0,1.007232573407257,0.0007601902969713531
1109000.0,0.9928925959905898,0.0007519774968625172
1109100.0,0.9670079492712856,0.000667768190680398
1109200.0,0.9956638996692817,0.0013882354025309136
1109300.0,1.007359662085804,0.0008865804668933865
1109400.0,0.9914329933820194,0.0007508460453038701
1109500.0,1.0139769530364728,0.0007579610372920704
1109600.0,0.9861158661640784,0.0008938195076261909
1109700.0,1.0099090083435138,0.0010471372002030142
1109800.0,0.9970888698471466,0.0006857688285651631
1109900.0,0.9855920123853201,0.0009786051908983143
1110000.0,1.0115675759597276,0.0008455954635892806
1110100.0,1.0145296172891602,0.0009326888187308803
1110200.0,1.0001220729345617,0.0010054716839632727
1110300.0,0.9886571748225306,0.0009165738410863483
1110400.0,0.9945571338916588,0.000810982323451894
1110500.0,0.9946916981191004,0.0010090509213534278
1110600.0,0.9878154073795841,0.0008077866941154266
1110700.0,1.0040566610618242,0.0007282192210757484
1110800.0,1.0141952770629437,0.0008924652140597523
1110900.0,0.9973985057599463,0.0007029459196100514
1111000.0,0.9920288507783359,0.0007398361084552152
1111100.0,1.0013946795604303,0.0007519632573333065
1111200.0,0.9950535096611766,0.0006989156671314183
1111300.0,0.9954915208842775,0.0013953907365383323
1111400.0,0.9891874260015934,0.0008787900710877087
1111500.0,1.003594296460499,0.0008121260862811974
1111600.0,1.0019114563384408,0.0012649040472548427
1111700.0,1.0056885771072266,0.0008674889926112219
1111800.0,0.9865046094278603,0.0009681764094676717
1111900.0,0.9941861990002467,0.0008594716664433786
1112000.0,1.0064697760820427,0.0008784325092185889
1112100.0,1.0011499310585612,0.0006987724530590894
1112200.0,1.0323853883436929,0.0009290118655387037
1112300.0,0.9991886961355408,0.0007702925164982783
1112400.0,1.0050437754395172,0.0008870355271589249
1112500.0,1.0064952540285814,0.0010350543761869337
1112600.0,0.9753012691965885,0.0008815866568415054
1112700.0,0.9954509229662192,0.0007699184844535825
1112800.0,0.9915442731215779,0.0010456277429798245
1112900.0,0.9984743965435455,0.0006909708361653602
1113000.0,1.0015943131088334,0.0009141893297299874
1113100.0,0.9969931637615993,0.00044093775445773334
1113200.0,0.9973715764043515,0.0008403486237752359
1113300.0,1.0009551324651347,0.0008080494056336478
1113400.0,1.0136901430399499,0.0009207513274505424
1113500.0,0.9784896191662638,0.0009697424486067638
1113600.0,0.993512306385472,0.0010132327719925604
1113700.0,0.9974855982068499,0.0010052948860248788
1113800.0,0.9946531752811043,0.0007953493374985712
1113900.0,1.0011746940904243,0.0006747753369265582
1114000.0,0.9997046813910083,0.0008292634730131977
1114100.0,0.9982680938568946,0.0008361569820626205
1114200.0,1.025655481716465,0.0008099354372229377
1114300.0,0.9932212822484912,0.0006757614444831247
1114400.0,1.0019296231701116,0.0009429100149838273
1114500.0,1.003183152368848,0.0007790074613408299
1114600.0,0.9939283459925886,0.000823713353804654
1114700.0,0.9906377382889419,0.0009694213485205455
1114800.0,0.9833626270640535,0.001181118515778173
1114900.0,0.9866636174311599,0.0008183044080122176
1115000.0,1.0070909587223165,0.0009268644212086961
1115100.0,0.9895885833759378,0.0009596063448106963
1115200.0,0.9822638220476959,0.0009328199527136738
1115300.0,1.007499840921587,0.0009576351788150693
1115400.0,0.9953369353804191,0.0008541525217104375
1115500.0,0.9972687514822014,0.0007778439820975725
1115600.0,0.9967281443857843,0.0009206008301418905
1115700.0,1.0080317081304233,0.0007322407552416536
1115800.0,0.9973359203036793,0.0008860232758227335
1115900.0,0.9963975940914386,0.000878381688668324
1116000.0,1.012386942342976,0.0007959387477948166
1116100.0,0.9757802230898767,0.001097066698490325
1116200.0,1.0031549046258064,0.0011792524678407425
1116300.0,1.0104624563662474,0.0010789616709680247
1116400.0,0.9906621534301348,0.0010432937987781413
1116500.0,1.0014831475593096,0.0013661567453018704
1116600.0,0.9815674824774789,0.0007923798926708027
1116700.0,1.000064333863179,0.0010668438104666936
1116800.0,0.9977236783745722,0.0009073167244727055
1116900.0,0.9915951029143011,0.0010353239381300464
1117000.0,0.9890049218587755,0.0007478383931551404
1117100.0,0.9974433280589624,0.0008758672200042181
1117200.0,1.0011747856609112,0.001016270443180853
1117300.0,1.0282847490181668,0.000852609362644429
1117400.0,0.9888821573382016,0.0005748476015130606
1117500.0,1.0153151985461544,0.000824518471818382
1117600.0,1.0014561845848438,0.0009845071797029514
1117700.0,0.9793930921174461,0.0007237559203929062
1117800.0,0.990758446523858,0.0007606615344614683
1117900.0,1.0293677197132702,0.0009359591597574899
1118000.0,1.0037738394928195,0.0009567202062736741
1118100.0,1.018250800074315,0.0009406132014003941
1118200.0,0.9972774323926479,0.0012076390250270012
1118300.0,0.9919283964669586,0.0008886654711540478
1118400.0,0.9793664437190475,0.0009816112033987417
1118500.0,0.9995762124257229,0.0011625200753055086
1118600.0,0.9920657351410399,0.0007823383505171611
1118700.0,0.9930354208349246,0.0009788556180084082
1118800.0,1.0091932490135265,0.0008113398504954904
1118900.0,1.0002427117598034,0.0010674379380604087
1119000.0,0.9853163450644247,0.0010827145579774436
1119100.0,0.986004645953712,0.0008767068645063409
1119200.0,1.0014007348656104,0.0010872410172603438
1119300.0,0.9921942942421325,0.0010338254401787816
1119400.0,0.9947039527474706,0.0008611706461185876
1119500.0,1.0046822654994534,0.0013217489153869101
1119600.0,0.9956810262010302,0.0006392052013641041
1119700.0,1.005630150457679,0.0005595901163636254
1119800.0,1.0013009259280061,0.000942891288883416
1119900.0,0.9985718754620213,0.0009551788989385551
1120000.0,0.9931564008114243,0.0006041813902327052
1120100.0,1.0125718883535006,0.0009619751127686881
1120200.0,0.9900897300579405,0.0009030123607068945
1120300.0,1.0068688506493149,0.0009743082133777148
1120400.0,0.9905876079997166,0.0006610525060361346
1120500.0,0.9569828488829755,0.0010872509711587388
1120600.0,0.9972526638868454,0.0008237777022633992
1120700.0,1.0186417793468026,0.0010837093439395541
1120800.0,1.0088940984435966,0.0009913707289317052
1120900.0,0.9972094195030631,0.0011250118260353059
1121000.0,0.9744926742740724,0.0008790244696194984
1121100.0,1.0012572905045165,0.0008126454534522914
1121200.0,0.9787944459568202,0.0007127755802216595
1121300.0,0.9985969087997532,0.0008651581183049795
1121400.0,0.9854209126018681,0.0009814708836752952
1121500.0,0.9936051960332308,0.0008828710608986204
1121600.0,0.9990637284397685,0.0009319850253557394
1121700.0,1.0237318444984596,0.0011055651032503622
1121800.0,1.010645552828242,0.0008801274921808448
1121900.0,0.9940911279063601,0.001025175252230861
1122000.0,1.0126356465684565,0.0007616477146982243
1122100.0,0.9927719367748606,0.000923111034387048
1122200.0,0.9994085616205941,0.0007256528657144107
1122300.0,1.009356037650884,0.0009552392321524129
1122400.0,1.0139311586065667,0.0009609774360439668
1122500.0,0.9938250015588982,0.0007879834839671571
1122600.0,1.0009526429944373,0.0009572962944889264
1122700.0,0.9681510457815604,0.0007896208839476017
1122800.0,1.0000877348471693,0.0011751902084718691
1122900.0,1.010647872236891,0.0011668777104807961
1123000.0,0.9975065641529868,0.0007861397736991317
1123100.0,1.003941096657799,0.0009969602404086106
1123200.0,0.9997357486973358,0.0007847715730298891
1123300.0,0.9807840880834955,0.0012964110139871323
1123400.0,0.9867782917280773,0.0009562671147185389
1123500.0,0.9961555573396801,0.0005535358960880596
1123600.0,0.9843743680307957,0.0007438610195906264
1123700.0,0.9805247444399563,0.0012807546206342864
1123800.0,0.9910356287328246,0.0009797439883645926
1123900.0,1.0000743528110425,0.0006832170365690302
1124000.0,0.9924702242843592,0.0006736182147522023
1124100.0,1.0125992899971812,0.0011233119813588864
1124200.0,0.9806070541071757,0.0008646224159559661
1124300.0,1.0021647070647222,0.0007719843052274142
1124400.0,1.0039550193374562,0.0006715711605633652
1124500.0,0.9952142528350235,0.0008586399135135993
1124600.0,1.0137042188599459,0.00100624762316653
1124700.0,1.008568136073262,0.00045788513984504066
1124800.0,1.0000081383803774,0.0008194326327189963
1124900.0,0.9994536852279793,0.0009398296049159413
1125000.0,0.9768657226342978,0.00032635357410403486
1125100.0,1.0085749378461464,0.0007260041764104292
1125200.0,0.9989999164873492,0.0008079268606653216
1125300.0,0.9843072278303063,0.0010444102338732998
1125400.0,0.9954576821829759,0.0009724993536817035
1125500.0,1.0078318070038816,0.001193512832408765
1125600.0,1.008911573338962,0.0005375490321219181
1125700.0,1.0021068129474497,0.0011716383116594285
1125800.0,1.0154938049670632,0.0007017041292008559
1125900.0,0.9930750227948887,0.0007914252440257132
1126000.0,1.0165303786389928,0.0008204613739462433
1126100.0,1.0114688018328108,0.0010103456670102332
1126200.0,0.9749772913701079,0.0010029325833315972
1126300.0,0.9871383284110599,0.0010552526955718861
1126400.0,0.9882405470137665,0.0010854239604254617
1126500.0,0.9928649218212386,0.000798410985244518
1126600.0,1.0052762448483266,0.000967287995407368
1126700.0,0.9963336586410335,0.0008843459247299498
1126800.0,0.9882381605516607,0.0011560920588229203
1126900.0,1.0046777339737039,0.0009514992258103653
1127000.0,0.9855450873759717,0.000810709687946405
1127100.0,1.0082778728795112,0.0010668014509522847
1127200.0,0.9886683713166351,0.0008145566065790278
1127300.0,1.0070784111293822,0.0008106200530842762
1127400.0,0.9959185363182479,0.0007418639303002269
1127500.0,1.0048462935509812,0.0008509943731992334
1127600.0,1.016987968934784,0.0008592094549806195
1127700.0,0.9857013460259734,0.0009224218171880238
1127800.0,1.0113237817745706,0.0008377211369261185
1127900.0,1.012663870179579,0.0009176876024809507
1128000.0,1.0128847711383584,0.0010826792026679497
1128100.0,0.9912382840304704,0.00103422633938585
1128200.0,0.9993368587814838,0.000986705425457645
1128300.0,0.9988905724603749,0.0007610495421637375
1128400.0,0.9898570273386286,0.0006844806828692133
1128500.0,1.0226230736707034,0.0011461627441010987
1128600.0,0.9898185306884304,0.0008681616258505582
1128700.0,0.9894616750601379,0.0010093744621706433
1128800.0,0.9959642449181897,0.0006613786791342601
1128900.0,0.9995994498007832,0.0011989667378667134
1129000.0,1.019860524170574,0.001307485904266798
1129100.0,1.0111812649725769,0.00037219358770225486
1129200.0,0.9852453430187035,0.0007823535013033249
1129300.0,0.9898393222467675,0.000699706087725831
1129400.0,1.0062492977199886,0.0008885878392215985
1129500.0,1.0144196412256783,0.0009388064891427626
1129600.0,0.9892624194520359,0.001021288463677227
1129700.0,1.0006245419928153,0.0007773099422391463
1129800.0,1.0050877562326652,0.0006619722998297114
1129900.0,1.0193731040118756,0.0008506991768855536
1130000.0,0.9936583912133017,0.0010853511692191173
1130100.0,0.9950265903237966,0.0010145009253164474
1130200.0,1.0234244386221447,0.0008878341185564497
1130300.0,0.9958829587996673,0.0007315444120956459
1130400.0,0.9910584986349179,0.0007830019144648716
1130500.0,0.9753217127171548,0.001008463171707079
1130600.0,0.9871378998839102,0.0009577295911941904
1130700.0,0.9913571335094914,0.0006897793137838782
1130800.0,1.0073555528856613,0.0009912824988975812
1130900.0,1.0066303706979958,0.0009464183267597346
1131000.0,0.9897595183250473,0.0007379410666189029
1131100.0,1.005280197602775,0.0011702116234456642
1131200.0,1.008173679372336,0.0010198043204092467
1131300.0,1.0098986773337246,0.001134857311115099
1131400.0,0.9723940865557361,0.0010686355931697484
1131500.0,1.007902896713836,0.0008841689717305169
1131600.0,0.9819976082310845,0.0008192355532138342
1131700.0,0.9787241780357999,0.0010936530756313267
1131800.0,0.9873849651927198,0.0010002863892302227
1131900.0,0.9869402214073629,0.001040734087914742
1132000.0,0.9975768543231524,0.000942852425877191
1132100.0,0.9952133004470828,0.001162354221892754
1132200.0,0.9896560661799332,0.0009407700686265908
1132300.0,0.9898593960440558,0.0009087078046513203
1132400.0,0.9731488572651332,0.0009435408587964065
1132500.0,0.9929649998886941,0.0011785977630789967
1132600.0,0.9991230325826561,0.0009459628683524071
1132700.0,0.9987243064372746,0.0010759833493997944
1132800.0,0.9979791280480507,0.0011234524695251152
1132900.0,1.014128986986706,0.0009236631770354592
1133000.0,1.0102813789807592,0.0008972145928932633
1133100.0,0.9933517082053517,0.000554856554004906
1133200.0,1.0142554242580375,0.0009880929692819408
1133300.0,0.9748627302545728,0.0008802029101900593
1133400.0,0.9908842915390423,0.0009970862597923572
1133500.0,0.9804949452346241,0.0008878838105072622
1133600.0,0.9994104058234715,0.0008680229080378454
1133700.0,1.0008180514074994,0.001243249722149805
1133800.0,1.0082060207167862,0.000655613947909574
1133900.0,0.9975816395999819,0.001110562128609903
1134000.0,1.0176803535849648,0.0006505557771513919
1134100.0,1.0181302395384653,0.0007801631614853668
1134200.0,1.0169307049524647,0.00068503199366274
1134300.0,1.0189793602265682,0.000877427414121963
1134400.0,1.0032559797181202,0.0007391569098077116
1134500.0,1.017474920724976,0.001051191439787198
1134600.0,0.9771901696977127,0.0009962177261205285
1134700.0,1.0195611106881626,0.000877817726113711
1134800.0,1.0017454381276316,0.00068362382564578
1134900.0,1.009189837890918,0.000943493252804635
1135000.0,0.9959691443856133,0.0007815834149154926
1135100.0,1.0077369367457787,0.0011634573056165532
1135200.0,1.0097268777396313,0.0006767518815818494
1135300.0,1.001214160433372,0.0010032558822995466
1135400.0,1.0169614458673497,0.0008991368423605171
1135500.0,0.9934753436006788,0.0012743922770616577
1135600.0,0.9816498255460303,0.0007040005720633923
1135700.0,1.0087988522172362,0.0012816935419871997
1135800.0,0.9932831159741264,0.0014545073576913712
1135900.0,0.9972497795064524,0.0009212975844312607
1136000.0,1.0255065835984523,0.000919902405685634
1136100.0,0.9796719135205257,0.0009337696755973492
1136200.0,0.9960726180403734,0.0007564096418461627
1136300.0,1.0068354637682984,0.001031213085190807
1136400.0,0.9998601560868495,0.0008362479312865933
1136500.0,0.9935377503930524,0.0008777431559475223
1136600.0,1.0191459972393901,0.0008837040191850123
1136700.0,1.0011052565987681,0.0009326000716376398
1136800.0,1.0056403957600795,0.0010585840294582614
1136900.0,0.978292851746597,0.0009354489832756794
1137000.0,1.0265535166904751,0.0009882463421307993
1137100.0,0.9968094085214163,0.0010808666880494564
1137200.0,1.005991960250526,0.0010379263729905588
1137300.0,1.0248332106205813,0.0011845418096467076
1137400.0,1.0135537260214287,0.0006419702471032976
1137500.0,1.0001313283868416,0.0009238972006017967
1137600.0,0.999914320488311,0.0008606050401568559
1137700.0,1.0111207889757317,0.0010059245406889745
1137800.0,0.9837674057790994,0.0009176356879805397
1137900.0,1.001542974678096,0.000863529707539347
1138000.0,1.0118419009812267,0.000772037623102547
1138100.0,0.9940519247617174,0.000978075515420944
1138200.0,1.012064864711286,0.0008146071079926263
1138300.0,1.004746933437861,0.0006504105062400527
1138400.0,0.9721428306045669,0.0013935629746611741
1138500.0,0.9954744835580143,0.0009330055067137494
1138600.0,1.011402518011938,0.0007303970355773912
1138700.0,1.0113858331273717,0.0008647747537470084
1138800.0,0.9973277733242787,0.0009097726225390085
1138900.0,0.994265528918385,0.0008062015539828983
1139000.0,0.996736037168657,0.0009880302592283926
1139100.0,0.9877720393224998,0.0008640258246255546
1139200.0,1.005189577877702,0.001193713908542298
1139300.0,0.9829943928352601,0.0011675754815197517
1139400.0,0.9767749997346714,0.0005136559434841394
1139500.0,1.0186132684644884,0.0007702548609217379
1139600.0,0.9850660870424218,0.0011940531108903304
1139700.0,0.966504003094721,0.0008174577949367631
1139800.0,1.0036491770391087,0.0010734619794030332
1139900.0,0.9879906638665609,0.0009268820174895677
1140000.0,1.016063291874494,0.000969038682597101
1140100.0,1.0039903877457717,0.0008435867042351425
1140200.0,1.0184551862130433,0.0010111806898758847
1140300.0,0.967028234331394,0.0009584561938166576
1140400.0,1.0166919422701786,0.0010378971198478435
1140500.0,0.9876707052037277,0.0010291890654723801
1140600.0,1.0198600759204033,0.0009214740377484864
1140700.0,1.0166385095024542,0.000808332374449695
1140800.0,0.9913885683652562,0.0008454443407361026
1140900.0,1.0132220958648732,0.0010578103867202341
1141000.0,1.022327846834525,0.0006739657961867065
1141100.0,0.9974387155574967,0.0007965109031840497
1141200.0,1.0033732580882324,0.0006430123422923842
1141300.0,0.9886263661741932,0.0011842826983004696
1141400.0,0.9836241360508038,0.0007077036622485052
1141500.0,1.0098706152186325,0.0009561728892349273
1141600.0,1.0125737533527923,0.0010130127123888458
1141700.0,1.0060907648247168,0.0008732397401139622
1141800.0,1.0140429726305664,0.0009655257625325022
1141900.0,0.9930854883188545,0.000548630583061464
1142000.0,1.009582479637689,0.0010011912108011383
1142100.0,1.0008756121571505,0.0008672455912789887
1142200.0,0.9983677520663321,0.0006120460153794517
1142300.0,0.9994325552293217,0.0008373548152372783
1142400.0,0.9899379268608186,0.0006701238756290319
1142500.0,0.9914640748141117,0.0007580065484922595
1142600.0,1.0184139907543528,0.0010765662691790312
1142700.0,0.9895604839062908,0.0008366408823603334
1142800.0,0.9955774924882953,0.00079321436657366
1142900.0,0.9988919251921674,0.0008506746011177616
1143000.0,1.0048629585386106,0.001136930748444874
1143100.0,0.9987886823228397,0.0010426375963812713
1143200.0,1.001319695987309,0.0011446999190253809
1143300.0,0.9969341949214057,0.0009130320924716244
1143400.0,0.9985271354293644,0.0008784012437219167
1143500.0,1.004585191039923,0.0009178231474948753
1143600.0,0.9800571863327295,0.0006825757948423986
1143700.0,1.0112291875014452,0.0009870427229145293
1143800.0,0.9867812961300424,0.0009899661426195961
1143900.0,0.9738668830885511,0.0008452907177327623
1144000.0,1.0161255535022313,0.0009134947715043173
1144100.0,0.9830788848063718,0.00109604264433553
1144200.0,1.0026578906988461,0.0009323725352389799
1144300.0,1.00855073177599,0.0008690057605340795
1144400.0,1.0364716805150824,0.0008704878965892833
1144500.0,1.0195124155855586,0.0008108216915267435
1144600.0,1.0103940317603388,0.0006052878615358412
1144700.0,1.015043497465105,0.0008810059253977222
1144800.0,1.0348274738613887,0.0010333445662905
1144900.0,1.0157050095626683,0.0008776872906950415
1145000.0,0.9811784440382115,0.0008931689570723435
1145100.0,0.9946355239853689,0.0008652888699726885
1145200.0,1.01861175871308,0.0006772468548859737
1145300.0,1.0039424349266863,0.0006986457997124495
1145400.0,1.0047914484833829,0.0009716388312203106
1145500.0,1.0045684914621873,0.0011099359614194922
1145600.0,1.0124549851603708,0.0008000740894741338
1145700.0,0.9976257707917451,0.0007461341125249779
1145800.0,0.9859380374359218,0.0010156205166875181
1145900.0,1.0095703067923263,0.0007015769710754047
1146000.0,0.9921560601526836,0.0009404403242038279
1146100.0,0.9990415513805838,0.0007429490760078842
1146200.0,0.9953741315713044,0.0009033085025120591
1146300.0,1.0299119780455854,0.0007648926159710259
1146400.0,0.9834025244097586,0.0008299442850694053
1146500.0,0.9911950811157239,0.0011218581005686765
1146600.0,0.9807017419987683,0.0011018787948430622
1146700.0,0.9929959895943009,0.0007737080007973812
1146800.0,0.9996793267583446,0.0011180081961637753
1146900.0,0.9802413255603978,0.0011813216719108945
1147000.0,1.0012471286414968,0.0007553164562016161
1147100.0,1.0102186099707346,0.001033903140323694
1147200.0,0.9806674412528654,0.0007621695986797484
1147300.0,0.9947934341639588,0.0008172713340710577
1147400.0,0.9942705547889021,0.0007255331404211622
1147500.0,1.013297676276378,0.0008073617955832487
1147600.0,0.9844844567278503,0.0006973544497742871
1147700.0,0.9927954785380244,0.0008727251273265836
1147800.0,1.0221514072777445,0.0008319532851094189
1147900.0,1.0291008058358577,0.001083391980147986
1148000.0,0.9994924480022072,0.0009436121012760114
1148100.0,0.9807731245200154,0.0007747845411175852
1148200.0,1.015213712268652,0.000506969435866571
1148300.0,0.9949235199663712,0.0010401971371215818
1148400.0,0.9966884924273497,0.0007730654394842526
1148500.0,1.000369233639606,0.001118613125925039
1148600.0,1.0174859915369079,0.0011627278284607162
1148700.0,0.999770379800055,0.0010018205267508032
1148800.0,1.0112203916276905,0.0011559937903587408
1148900.0,0.9846553550495727,0.0009527074847812555
1149000.0,1.0034673509503107,0.0011154077200498354
1149100.0,0.9808137621549228,0.0008969634874748569
1149200.0,1.0079726839506509,0.0005902576431954324
1149300.0,0.9887844734237773,0.000864278754872815
1149400.0,0.9784725597818023,0.0007237137163703304
1149500.0,0.9813424362813885,0.000869503031023603
1149600.0,1.0140838740050144,0.0009216278413770311
1149700.0,0.9792446880574539,0.00066773795479308
1149800.0,0.988103052581157,0.000877937469597831
1149900.0,0.9985203167555768,0.001247340790322974
1150000.0,0.9862100907583776,0.0008803340216522238
1150100.0,0.9873686889333174,0.0007251272897477825
1150200.0,0.9748424872778252,0.0009714023689740079
1150300.0,0.9986779414093792,0.0009814801010163674
1150400.0,0.9804703357555582,0.0011206142516979971
1150500.0,0.9986520125883693,0.0010401760995730161
1150600.0,1.002599485081084,0.00088514469232786
1150700.0,1.0069801043740647,0.0009025671762320471
1150800.0,0.9942319214911581,0.0008523733061350585
1150900.0,1.000586632017563,0.0009500603921546396
1151000.0,0.975766406445054,0.0007979061877389568
1151100.0,1.0119773160334895,0.0005035414287523612
1151200.0,1.0039827937994432,0.0008682338574263866
1151300.0,1.0080290735417654,0.0009693111185696496
1151400.0,0.9848044184888911,0.0007578979465080658
1151500.0,1.0181078960507415,0.0010112826691987377
1151600.0,1.0100730633648107,0.0010889033525606315
1151700.0,0.9994999038109055,0.0006677331334220862
1151800.0,1.0044618440052577,0.0008418170559281568
1151900.0,1.0083520390420888,0.0008311200116544431
1152000.0,0.9864964032840937,0.0007296383031526188
1152100.0,0.991993168114766,0.0009815193465472795
1152200.0,0.9870488279650371,0.0010081675433836282
1152300.0,0.9909441175321266,0.0006980863245425421
1152400.0,1.0129895167270802,0.0011458343887036893
1152500.0,1.0022834372168672,0.0005317005740193938
1152600.0,0.9885104042897418,0.0008474530154197275
1152700.0,0.9914172037921605,0.0006986586386010217
1152800.0,0.971105911862723,0.0005376661277101327
1152900.0,0.9961046399582821,0.0008723627410344597
1153000.0,0.9995498871303228,0.0010078501939947038
1153100.0,0.984868265554306,0.0010160343309041375
1153200.0,0.9840100047369541,0.0009541493154928486
1153300.0,0.9949125586490468,0.0010002555232099264
1153400.0,0.988875608504018,0.0010460437959912898
1153500.0,0.9934069943891454,0.0007683956539213401
1153600.0,0.9749757368988206,0.00107185225856152
1153700.0,1.0080038320153608,0.0010300032346044117
1153800.0,1.0047672501494034,0.0009410898313822494
1153900.0,0.973671447230394,0.0008579866495832877
1154000.0,1.0158855274679792,0.0007210598289384686
1154100.0,1.0215889585765638,0.0007735827394087106
1154200.0,0.9817422198560848,0.0009544455621989017
1154300.0,0.9932695188967676,0.0006370978605631955
1154400.0,1.0260078070306218,0.0008113721186985196
1154500.0,0.9776794023336401,0.0005193732989708146
1154600.0,0.9865353363030297,0.0008417673508109419
1154700.0,1.0089078165526828,0.0010589023947839044
1154800.0,1.0189916393858178,0.0009684826075400122
1154900.0,1.0079645947141964,0.0008119706272888068
1155000.0,1.0050153193114215,0.0010887123889662153
1155100.0,0.996368270043819,0.0010116603563804936
1155200.0,0.9823423661765148,0.0009681690888474272
1155300.0,0.9957224406475649,0.0007197985842770088
1155400.0,1.0029426674862518,0.000887624299635087
1155500.0,0.9791364000043015,0.0010962611285022723
1155600.0,1.0039189801745265,0.0011783060524076948
1155700.0,1.0079588934104546,0.0007784559850559856
1155800.0,1.0192980664979823,0.0009389066824515456
1155900.0,0.9998380227087976,0.0010246957833917219
1156000.0,0.9829645004475206,0.0010492178012715344
1156100.0,0.9914308169206332,0.0008452618410852542
1156200.0,1.005439058164249,0.0006722642477372969
1156300.0,0.978190555374203,0.0007047622198816716
1156400.0,0.9998016341756016,0.0008620465788498242
1156500.0,1.0088697127008726,0.000775664703002262
1156600.0,1.0159051056557271,0.0009102414606975484
1156700.0,1.0120926088427502,0.0010789555912992382
1156800.0,0.9971786994942434,0.0007470681366611142
1156900.0,0.9995932457068336,0.000702525048771779
1157000.0,0.9982243897667679,0.000779435513054102
1157100.0,0.9849071813728231,0.0005891142922895124
1157200.0,1.005987143839909,0.0006933932219062287
1157300.0,1.0110670852795587,0.0010927368815680733
1157400.0,0.9776056336010122,0.0010266645971791482
1157500.0,0.9904595657561428,0.000895191059298876
1157600.0,1.012217229223659,0.0009547952368743442
1157700.0,1.0167857580104365,0.0009164569352532918
1157800.0,0.9816267282785355,0.0008087063642770616
1157900.0,0.994408848034012,0.0009485398292566755
1158000.0,0.9952181891267912,0.0008309537628997883
1158100.0,0.989444658013267,0.0007994253655342243
1158200.0,1.0151583053622357,0.0009820179030337363
1158300.0,0.9938477864591329,0.0006103311319740713
1158400.0,0.9943131679188897,0.0007533174340279849
1158500.0,0.995894879751795,0.0010540917758441546
1158600.0,0.9971366019778508,0.0013332853219782767
1158700.0,0.9900819939458823,0.0007381015532092398
1158800.0,1.0028776128920787,0.0010491889024047713
1158900.0,1.0191119466060214,0.001023606820525846
1159000.0,0.9999620961016561,0.000840177712432888
1159100.0,0.9920787742699112,0.00041678107261492267
1159200.0,0.9874714291465502,0.0010524946468625797
1159300.0,1.0127775584831593,0.001344027086577391
1159400.0,1.0066455204560536,0.0008110169880495535
1159500.0,0.9732147564166326,0.0007688034985437597
1159600.0,1.0039212753737576,0.001001264678804667
1159700.0,1.0089339541954523,0.0008863822884483801
1159800.0,1.011158930745707,0.000683465893942067
1159900.0,1.0058874045198456,0.0009883986297249104
1160000.0,0.9972846520645955,0.0010023703615779712
1160100.0,0.9839099263290227,0.000841671718668193
1160200.0,0.9948485094735827,0.0007799763115155587
1160300.0,1.0323110970068996,0.0013066346427234583
1160400.0,0.9987002863028694,0.000753314765375489
1160500.0,0.9923847845475605,0.0009575963054631137
1160600.0,0.9932575714306482,0.0010631714444936514
1160700.0,0.9919988915674652,0.0007733735780627488
1160800.0,1.0136746452187084,0.0008307010183219479
1160900.0,0.9963180679970491,0.0011150226802222555
1161000.0,0.9938643567273611,0.0008016594604134667
1161100.0,0.9958872066378376,0.0011142498892653587
1161200.0,1.0218690283984329,0.0009222449019895506
1161300.0,1.014230422089038,0.001076091562332047
1161400.0,0.9808842878890736,0.0012317797012690755
1161500.0,1.0056396028597674,0.0010396168514605554
1161600.0,0.9892933538023846,0.0011687188610156054
1161700.0,0.9995908047263821,0.0012868296430059603
1161800.0,0.9822952989305972,0.0006929668222238456
1161900.0,0.9779338327266361,0.0007025683244734783
1162000.0,0.9910427124941855,0.0008810045060107387
1162100.0,0.994964474173753,0.0006904115437176691
1162200.0,1.0200560147158855,0.0008089282776785948
1162300.0,0.9878119584860043,0.0008647483772440375
1162400.0,1.0010104632743095,0.0006993814738553814
1162500.0,1.0033959385018765,0.001159269687872594
1162600.0,1.0191224669524659,0.0008462877132078475
1162700.0,0.9900601452653118,0.0009052231983641332
1162800.0,1.0021719325486236,0.0013891501766070916
1162900.0,0.9945662016472006,0.0013363012044150632
1163000.0,0.9938221700657648,0.0009433175782607312
1163100.0,1.0104800914245302,0.000936816540520223
1163200.0,1.003284008628704,0.00066663234461507
1163300.0,1.017973304458412,0.00110102428612585
1163400.0,0.9862557033955051,0.0005404038053781236
1163500.0,0.9966898063338153,0.0009080113900614825
1163600.0,0.9830999477890139,0.0005203255734540495
1163700.0,1.001102289945388,0.0008947295268466122
1163800.0,1.0117325415863172,0.0006771220244218051
1163900.0,0.9974744161815916,0.0008419690229765532
1164000.0,0.9819051640378282,0.0006110045664150789
1164100.0,1.0006972679954327,0.0009677816186410787
1164200.0,1.0003948377486478,0.0011324096579492652
1164300.0,1.0019075793280354,0.0008126146112592742
1164400.0,1.004049430521003,0.0010696579680245478
1164500.0,1.0071496932802246,0.0006866511317706389
1164600.0,1.0127770642620442,0.0009609504468794887
1164700.0,1.0187579565922007,0.0007515897325258127
1164800.0,1.0242153420445748,0.0009703620770016669
1164900.0,0.989230383441344,0.0007429139216297906
1165000.0,0.9900003400253166,0.000957337653799523
1165100.0,1.010532351798452,0.0009429996291500281
1165200.0,0.9731073412826127,0.0008824077651145634
1165300.0,1.0009859866463642,0.0010194156097923883
1165400.0,0.990179639693652,0.0007244814854966696
1165500.0,1.0005604934071533,0.0008014251739003629
1165600.0,1.0101875986377022,0.0009930189057216685
1165700.0,1.0069047714489694,0.0008323713048408146
1165800.0,1.0054688389837736,0.0009282987417861726
1165900.0,0.9910361460138769,0.0005399573466048212
1166000.0,1.0232559715125302,0.0006570867951402465
1166100.0,1.0022289416813002,0.0005717164315168989
1166200.0,0.9984510841439673,0.000866340922194791
1166300.0,0.9856932557845495,0.0007818263701016322
1166400.0,0.9897235348385723,0.000993572886983843
1166500.0,1.0084132644552213,0.0007321621599222544
1166600.0,1.004789054669884,0.0008574806767002371
1166700.0,0.9904604953808605,0.0008767991685886186
1166800.0,0.9941756816524646,0.0008592459526534841
1166900.0,1.0050584148209192,0.001049255651968814
1167000.0,1.01668984460246,0.0007978066901090672
1167100.0,0.9949562322732162,0.0009797014845072734
1167200.0,1.008936767108211,0.0011859793411798899
1167300.0,0.9975524080358138,0.0009454909151863896
1167400.0,0.971096550509771,0.000722637853042823
1167500.0,1.033314892341652,0.0007528175033744529
1167600.0,0.9936851757480336,0.0004669703012760328
1167700.0,1.0054788213181434,0.0009456703521867855
1167800.0,1.000105007554789,0.0008594951535177781
1167900.0,1.0098746743963418,0.0011639465244268766
1168000.0,0.9914732576148813,0.0008898311027707046
1168100.0,1.0246409149548725,0.0011917521069399089
1168200.0,0.9974253955166712,0.0011128603672704814
1168300.0,1.0165621915544023,0.0010148183930918505
1168400.0,1.0077662721791347,0.0010177660174838406
1168500.0,1.002884198460654,0.0008106135601243563
1168600.0,1.007945546673869,0.0009082623124822433
1168700.0,1.0070485248688896,0.000843330734304483
1168800.0,1.0201464462024312,0.0008869420990906961
1168900.0,1.0062845204037643,0.0007904033393114349
1169000.0,1.006830796377849,0.0009381327471463649
1169100.0,1.0086451321612533,0.0010638856686131205
1169200.0,1.0095972803697113,0.0006356047693567911
1169300.0,1.002093732628972,0.0009907040887926913
1169400.0,1.0197958635756224,0.0008377111817607355
1169500.0,1.0006424964356746,0.000900464282020268
1169600.0,0.9838170475695497,0.0011689048287556777
1169700.0,1.0003158157984846,0.0011918961641075377
1169800.0,1.0157741129208813,0.001051372578634728
1169900.0,1.011417157135883,0.0008024725855476267
1170000.0,1.0005444351212787,0.0010199292803215899
1170100.0,0.9941258946497047,0.0008096142150796266
1170200.0,1.0035396149524671,0.0006375044630761642
1170300.0,1.0036628141741062,0.0010810432437582888
1170400.0,0.9768164526348401,0.0008182629747192297
1170500.0,0.989369166693235,0.0006775248225976534
1170600.0,0.9972074751923713,0.0008356739591057849
1170700.0,0.9842596468887052,0.0011551029419663316
1170800.0,1.0059202918333594,0.0007840097815531547
1170900.0,0.992169241898143,0.0008601709471348128
1171000.0,0.9951891807560027,0.0010994007688901982
1171100.0,1.0182764075374469,0.000712851668864017
1171200.0,1.0129565695956357,0.0012178463843096554
1171300.0,1.0123831006838624,0.0006966905990064786
1171400.0,0.9923321460953932,0.0009364369765823607
1171500.0,1.0154158828210735,0.0007616038397474711
1171600.0,0.9851926481547222,0.0007899929810788038
1171700.0,1.0060868363295936,0.0008279897064097822
1171800.0,0.976892743857465,0.0008784295302506689
1171900.0,0.9955378923712336,0.0009553853499869976
1172000.0,1.0148174271585162,0.0009956231728649153
1172100.0,0.9921417544619398,0.0012112452624533506
1172200.0,0.9783028520154936,0.0007669928904443834
1172300.0,0.9882225349501434,0.0009192545578596042
1172400.0,0.9799191072266193,0.0008520883507937302
1172500.0,0.9894176655424346,0.0004946936221549181
1172600.0,1.0158314773395625,0.0011112628083525566
1172700.0,0.9868635951900281,0.0011211093280904917
1172800.0,0.9868915186765765,0.0007539222344999113
1172900.0,0.9944521244561251,0.0010707170878266014
1173000.0,0.9659375738128808,0.0008126320354394849
1173100.0,0.9871239997879978,0.0009103301534465317
1173200.0,0.9903562867303157,0.0009238815940044862
1173300.0,0.9926641922596464,0.0010904357115341708
1173400.0,0.9923831190368395,0.0010628605939283708
1173500.0,1.0228187682301637,0.0008946731033577338
1173600.0,0.9895813459726334,0.001042074194968369
1173700.0,1.001642302405003,0.0009836453431702594
1173800.0,1.0033886980946676,0.0009253168086520683
1173900.0,1.004379469420644,0.0010316698288761427
1174000.0,0.9982469368386442,0.0009425373012082695
1174100.0,0.9795533967989423,0.0004959905193449154
1174200.0,1.018223716113519,0.0007976824034543628
1174300.0,0.9723611569514169,0.000836300750191127
1174400.0,1.0091481260975361,0.001069122005774812
1174500.0,1.010105014473585,0.0008226577477681492
1174600.0,1.0126791439111775,0.0007001813205312096
1174700.0,0.9887531383543758,0.0009897593782971076
1174800.0,1.0059367526532779,0.0010511836299715552
1174900.0,1.0065477538921082,0.001241955100789532
1175000.0,1.009525261688514,0.0009695839837435445
1175100.0,1.0087238031352546,0.0012351022326820926
1175200.0,0.991287740219063,0.0007467308286196993
1175300.0,0.9902904531910903,0.001074219702338594
1175400.0,1.0007176719248982,0.0006526679106806499
1175500.0,1.0004310921278379,0.0010830749540903855
1175600.0,0.992577825391377,0.0008626471809077661
1175700.0,1.0298092375356873,0.0010337957765456506
1175800.0,0.9991880709362134,0.0011111729330956486
1175900.0,0.9907890669815282,0.0010808400133742718
1176000.0,1.001568201854113,0.001006573503968766
1176100.0,1.0097086114388347,0.000830596742311516
1176200.0,1.0031000448115042,0.0010225761550969094
1176300.0,0.9814721589742825,0.0008999304210590512
1176400.0,1.0057509656663608,0.0010110202516721164
1176500.0,0.992360211057927,0.000470996295411225
1176600.0,0.980270275518308,0.0009174522387068014
1176700.0,1.0083938197807947,0.0009719004802530443
1176800.0,1.0032549662517851,0.0005836267801606152
1176900.0,1.0040927679693268,0.000790387739707373
1177000.0,0.9954184315785577,0.00099112278719909
1177100.0,1.0101533986223468,0.0010919259072071886
1177200.0,0.9980146671391599,0.0009257187542407922
1177300.0,1.0048980318645417,0.0008948442384756965
1177400.0,0.9954731649980695,0.0008945677965950745
1177500.0,0.9984993422461345,0.0009758601981914548
1177600.0,0.9877985463232308,0.0007839334414438523
1177700.0,1.0058579651378388,0.0006491296274584341
1177800.0,1.0005413209105167,0.0011226407156373155
1177900.0,1.0049137291832,0.0009276496356117907
1178000.0,1.0283199913739622,0.0009367298849121177
1178100.0,0.9856484823691323,0.0007358884956635742
1178200.0,0.985205415425082,0.0006438241917065021
1178300.0,0.9910786841341096,0.001156457087472677
1178400.0,1.002261793835373,0.001060150372367736
1178500.0,1.0016736219097349,0.001144891338738265
1178600.0,0.9810591372715401,0.0007670720272689895
1178700.0,0.9948781997363839,0.0008027592653810464
1178800.0,1.0089949687622308,0.0009518913812178152
1178900.0,0.9870851679682083,0.000532920332297803
1179000.0,0.9878446152921276,0.0009702970062520312
1179100.0,0.979006473352003,0.0009544711943693585
1179200.0,0.9800795365340407,0.0011343890655092226
1179300.0,0.990215244128689,0.0005279320185913644
1179400.0,0.9956967225411305,0.0007579032873712382
1179500.0,1.0003558935077066,0.0010493890341447764
1179600.0,1.0032292110751737,0.0009748661804698267
1179700.0,0.9911952982379304,0.0009375275328020562
1179800.0,0.9791319926969833,0.000800445057471058
1179900.0,0.9782884401727183,0.0011038809343055626
1180000.0,1.006471554528717,0.0010471579159337329
1180100.0,0.9694455990925812,0.0006957760126229325
1180200.0,1.0138113838878866,0.0010336438525455848
1180300.0,0.9855667466894901,0.0009401964494154921
1180400.0,0.9806295401185626,0.0008415246500246913
1180500.0,1.0048228307662632,0.0010757127932559463
1180600.0,1.0215536421847369,0.0009938817799330078
1180700.0,0.9908196489284433,0.0009134405170897348
1180800.0,1.0045143600447615,0.0008045678495877172
1180900.0,0.9977970984349506,0.0008462368739822593
1181000.0,0.9816536152190907,0.001045272952960185
1181100.0,0.9820160463973799,0.0009256995710260606
1181200.0,1.000174954630995,0.0007374109564037893
1181300.0,0.9925786881079918,0.0009038208347526835
1181400.0,0.9905642301612735,0.0008603479663796153
1181500.0,1.0004870744770087,0.0012002117402389013
1181600.0,1.007891756353363,0.0013148941185136503
1181700.0,1.0079630141507556,0.0009712725240308374
1181800.0,1.0027962331116698,0.0009590098664456607
1181900.0,0.9867375366658941,0.0007579061479397063
1182000.0,1.0071821608570104,0.0010669068573334268
1182100.0,0.989494923850108,0.0008749472031525501
1182200.0,0.9873168381085204,0.0006460945856691766
1182300.0,0.9843688137816745,0.001205506218908073
1182400.0,1.0141839725286184,0.00095726536900755
1182500.0,0.9917661694491451,0.0008646382153950725
1182600.0,1.001406107924589,0.0010061928124966441
1182700.0,1.0116425360027685,0.0011223724580888997
1182800.0,1.0168785499039856,0.0007605807649357896
1182900.0,1.0038134029081551,0.0008886903697412959
1183000.0,1.0097134094066456,0.0009415471290044526
1183100.0,0.9888396398671964,0.0008379724183428123
1183200.0,1.0010017361676145,0.0007674870812475451
1183300.0,1.0095706194211167,0.0008721718154549738
1183400.0,0.9974483148507371,0.0008182402314063955
1183500.0,0.9891631430194148,0.0008602276781241618
1183600.0,1.0123650536574709,0.0009137140679181595
1183700.0,1.0109933846052197,0.0008325126675603251
1183800.0,0.9864696753208362,0.0007634456117988004
1183900.0,0.9890023907296501,0.0007056689429458351
1184000.0,1.0006936469889334,0.0010272417504743707
1184100.0,1.0021488411939599,0.0006360209126918968
1184200.0,0.9919206687165584,0.0011200637296156213
1184300.0,1.012854323715977,0.000679402684237999
1184400.0,0.9970100661032067,0.0007258819154890874
1184500.0,0.9863891002952812,0.0010339324950811937
1184600.0,0.9813030486118117,0.0008610583564376616
1184700.0,1.0310825380332365,0.0008658559770548151
1184800.0,0.9955683069449403,0.000797045625161774
1184900.0,1.00493333224458,0.0010584453539323115
1185000.0,0.996028971355871,0.0008580839388109403
1185100.0,1.0117807948654112,0.0011228071370650845
1185200.0,0.9918508784105493,0.0009817074488048226
1185300.0,0.9828751165928734,0.0009796110323734744
1185400.0,0.9884905521515652,0.000633322237270986
1185500.0,0.9864343958918941,0.0009366107561322005
1185600.0,1.0052013872582435,0.000935497433738307
1185700.0,1.015314901058433,0.0008721725912690466
1185800.0,0.9885888720725672,0.0012288056609285989
1185900.0,0.9897545882335622,0.0008785349118191701
1186000.0,1.0115156009372908,0.0011547137539151284
1186100.0,0.9912065922258008,0.000763816100741074
1186200.0,1.0059560134519518,0.0007439406000668629
1186300.0,1.0023310354557693,0.0008770122711976602
1186400.0,1.0033742466584394,0.0008288349569813111
1186500.0,1.000830440478071,0.0011539987241073215
1186600.0,0.9961699219614604,0.0011238977079494243
1186700.0,0.9883465954193765,0.0009173711455304884
1186800.0,1.0162925370352849,0.0010303742445997197
1186900.0,0.9968547954288226,0.0009034385412476814
1187000.0,1.0230977072655578,0.0011688342331255925
1187100.0,0.997318903853265,0.0008433437274452791
1187200.0,1.008761652768196,0.0011222505538905994
1187300.0,1.009445042247491,0.001017036600579356
1187400.0,0.9963264263177117,0.000965753306220873
1187500.0,0.9977530742966306,0.0005999069819644017
1187600.0,1.0254359404887559,0.0011811331132575533
1187700.0,0.9889984002319357,0.0008112703320918421
1187800.0,1.0038013714704632,0.0007720284819496477
1187900.0,1.000199550050849,0.0009995509981392903
1188000.0,0.9827228841602627,0.0009325119082456585
1188100.0,1.0065781111628505,0.0007768876758703201
1188200.0,1.0029058317055504,0.000945010001213351
1188300.0,1.0141165235237215,0.0008889973555161859
1188400.0,1.0115367171094027,0.0008171710970502128
1188500.0,1.0061062451777765,0.0007546950610535678
1188600.0,1.023933788474053,0.0013383528843918012
1188700.0,0.9790040412456418,0.0010157817003915647
1188800.0,0.9811192855949633,0.0009528975205759176
1188900.0,0.9876750434985986,0.0010974950302648407
1189000.0,0.9877213602534999,0.0007703586405694789
1189100.0,1.010289616243937,0.0011564102091357594
1189200.0,1.0117663337338796,0.0009080957896714043
1189300.0,1.0029462409913634,0.0012458554471885721
1189400.0,0.977485680075672,0.001176859792565829
1189500.0,1.0013113598285233,0.0010250032797854405
1189600.0,0.9742279480218913,0.0008692241704837465
1189700.0,1.017351538453062,0.0011067344602486717
1189800.0,1.0062475890045144,0.0007191037286558463
1189900.0,1.0068660222669192,0.0006039183983705203
1190000.0,1.0004959826435516,0.0007472925237616513
1190100.0,0.9750672385588446,0.0005322952105243052
1190200.0,0.993994517872692,0.0008475931118482452
1190300.0,1.0036639446186992,0.001087118022274961
1190400.0,0.9940501026148384,0.0009610230614099678
1190500.0,1.0012233162532171,0.0012042228363882634
1190600.0,0.9896149343753742,0.0009060292625972409
1190700.0,1.0278850726147515,0.0009470686271427765
1190800.0,1.0145029806380157,0.0011827183782021846
1190900.0,0.992694116504014,0.0010322034417781126
1191000.0,1.0046183145308076,0.0010771099224272593
1191100.0,1.0300120108578135,0.0008356227801947678
1191200.0,0.989113834254251,0.000739954971982764
1191300.0,0.982837173453869,0.0007153477316803082
1191400.0,1.0062913357838412,0.0008795102706972052
1191500.0,0.9786119795745504,0.0011301120833224598
1191600.0,0.9958028802447264,0.0009855277792321442
1191700.0,0.98001995253731,0.0007458893043463469
1191800.0,1.0066813007832827,0.0013427113963631941
1191900.0,1.001772672922073,0.0007901109915502528
1192000.0,0.9888314741630484,0.0006521682266361456
1192100.0,0.9871952899855068,0.0008440437294866671
1192200.0,1.01915482642536,0.0006325922273649629
1192300.0,1.0047525369514847,0.0009813225681841189
1192400.0,1.0095503237227084,0.0008006947419289731
1192500.0,1.0085838376952874,0.0007426512421854806
1192600.0,1.0111576156722608,0.0007585413546601536
1192700.0,0.9788363461965855,0.0011398333078498648
1192800.0,0.9888364297999942,0.0008431169803767172
1192900.0,0.9777282662428644,0.0009664829888958748
1193000.0,1.0013913512416033,0.0009245348824167247
1193100.0,0.9821288188416016,0.00103937116641114
1193200.0,1.0138731477450638,0.000754476615458762
1193300.0,0.9989587632727135,0.0009092483723866107
1193400.0,0.9973979602762406,0.001010289037864133
1193500.0,1.004430783819219,0.0009785920446708056
1193600.0,0.9881477204390012,0.0008155077605405557
1193700.0,0.9991577732972388,0.0009283842206106016
1193800.0,0.9954409703437509,0.000898701081267109
1193900.0,1.0018416126151135,0.0009220503214739155
1194000.0,0.9860639003217277,0.0009063465739794792
1194100.0,1.0048548684898277,0.0010921277575764883
1194200.0,0.9986840215889339,0.0008093366164157019
1194300.0,1.0112077844558942,0.0006919547607142658
1194400.0,1.015829524138148,0.0010112123561478942
1194500.0,0.9938965409917714,0.0010752882054268775
1194600.0,1.0105386259595075,0.0007448455661523876
1194700.0,0.976206288122665,0.000779222767626089
1194800.0,1.0104808284399025,0.00039267935303886697
1194900.0,0.9985188902278677,0.0006054219836238635
1195000.0,0.991809443463746,0.0008374557608834179
1195100.0,0.9794791421501359,0.0007242915949481889
1195200.0,0.989342900197283,0.0009374157888483159
1195300.0,1.0157030951261814,0.0011283645475666803
1195400.0,1.0270179815679705,0.0008980661649920093
1195500.0,1.0352866039776056,0.0009702116186806361
1195600.0,1.003780704069945,0.0008121343200732967
1195700.0,0.9998271675081222,0.0006262483031943285
1195800.0,0.9963049494815939,0.0009932360335073844
1195900.0,0.9569597902906357,0.0006447284608723326
1196000.0,0.9965733407811349,0.000934993147781997
1196100.0,1.0003251494692318,0.0007812569120058731
1196200.0,0.98893896959989,0.0009014801062407324
1196300.0,0.9858328387099636,0.0008129775639292248
1196400.0,0.9999770901209324,0.0012217982950686022
1196500.0,1.0055315091126786,0.0014406543878339698
1196600.0,0.9819905201974255,0.0009388679247010038
1196700.0,1.0071540426164485,0.000757980126550527
1196800.0,1.00983280073216,0.0007523771623749428
1196900.0,1.006262488454275,0.0008166538025967019
1197000.0,1.0108322723338072,0.0010674871385824322
1197100.0,1.0164231425881647,0.0008891964015969169
1197200.0,1.006066945531105,0.0009911693048797164
1197300.0,1.0165246506976495,0.0008029401222115757
1197400.0,1.0147787453104835,0.0008946556267291656
1197500.0,1.0014853415597624,0.0008511660299107153
1197600.0,1.0045785655320274,0.0010647609366549952
1197700.0,1.0019558126203667,0.00096844272277653
1197800.0,0.9921225371923331,0.0009599070140647021
1197900.0,1.015112535713778,0.0010757835791761255
1198000.0,0.9917819694531069,0.0005972915592043895
1198100.0,1.000381797529501,0.0008875599461363274
1198200.0,0.9764079798557737,0.0007392908430155467
1198300.0,0.9841591587881046,0.0006472456329667689
1198400.0,0.993028594499685,0.0007235639457919504
1198500.0,0.9951875293410752,0.0009252635729148028
1198600.0,1.0340910424347838,0.0008754568375688131
1198700.0,0.9882107133000072,0.0007159750741820933
1198800.0,1.0017462101539414,0.0006272782673280811
1198900.0,1.0069332579150527,0.0005995730614622993
1199000.0,1.00144336223565,0.0008986708433194062
1199100.0,0.9911316671185254,0.0005468955725431659
1199200.0,0.9889559513141998,0.0012034329026496613
1199300.0,1.0019679862027668,0.001083128980514698
1199400.0,0.9907459789375227,0.0009721107557662473
1199500.0,1.0064841371730864,0.0007668791976510343
1199600.0,0.9943926771477262,0.0006484504661455359
1199700.0,0.9983285870043409,0.0008433256914787132
1199800.0,1.0122710656564848,0.0009463048012767506
1199900.0,0.9892999638858625,0.0010390198914665685
1200000.0,1.0007866929092413,0.0008995523093155282
1200100.0,1.0031095979347733,0.0011856122641284196
1200200.0,0.9913741451725249,0.001077441960390677
1200300.0,1.0053836466938542,0.0008555954040992755
1200400.0,1.0067040984328552,0.0009733350226603587
1200500.0,0.9958852835561959,0.0013579499081899458
1200600.0,0.9968648642932881,0.0006853420411456638
1200700.0,0.9993921539216016,0.0008330120137207075
1200800.0,1.0205414658653222,0.00099656024052809
1200900.0,1.0283795838812115,0.0010429197722291138
1201000.0,1.0051482026023755,0.00108764154337233
1201100.0,1.0008730487721615,0.0011406836978242825
1201200.0,1.0038066846115814,0.0007889091304707133
1201300.0,0.9973946574441003,0.0010547978716761038
1201400.0,0.9798924836829086,0.0008706736722179462
1201500.0,0.9974665918157984,0.0006560422425967329
1201600.0,0.9843906885424467,0.0010760077757367005
1201700.0,1.0145159393256402,0.0008658541252968903
1201800.0,1.0089993875421082,0.0007093728529350194
1201900.0,0.9713318193312803,0.0006383880705711805
1202000.0,0.990249276246342,0.0006672584932641099
1202100.0,1.0159554242432607,0.0008215176547755928
1202200.0,0.9933989385278025,0.0011298343157508225
1202300.0,1.0066077061220262,0.0010122310847034076
1202400.0,1.0116346823921458,0.0008130761922916955
1202500.0,0.9970009674629557,0.0009654016950326451
1202600.0,1.021583725373178,0.001151178375567875
1202700.0,0.9931750977568687,0.0009762757880784738
1202800.0,1.0142878789327985,0.0008270319250266117
1202900.0,0.9976632026588634,0.0008105380194717126
1203000.0,0.9863456384689357,0.0011085762012709506
1203100.0,1.0195232430969337,0.000948868425652446
1203200.0,0.9779193635611019,0.0007559190467948552
1203300.0,0.9794063168311296,0.0007707797235098404
1203400.0,0.9951855170625363,0.001358781441643615
1203500.0,0.9844816591027048,0.0005774752918203869
1203600.0,1.0105651504586834,0.001153582999617226
1203700.0,1.0051010582527045,0.000867563237174938
1203800.0,1.0150529289968182,0.0007834644799465235
1203900.0,0.9955195359657353,0.001178928079577869
1204000.0,0.9968307236139354,0.0008398011736446924
1204100.0,0.991289439713316,0.0009502200804035618
1204200.0,1.0054826040776565,0.0009314959571799813
1204300.0,0.9871188761489269,0.0007993963569386589
1204400.0,0.9917378386578537,0.0007417724466894024
1204500.0,0.9920225737074033,0.0007112506628722355
1204600.0,0.9641342760822892,0.0009141138469716492
1204700.0,0.9901913583898848,0.0007612073088844322
1204800.0,0.9982963566771075,0.000987484380902373
1204900.0,0.98317904702806,0.000670181114847707
1205000.0,1.0053368093392268,0.00075964391854642
1205100.0,0.9955563155557248,0.0005916169961158787
1205200.0,0.9867268094945784,0.0005572348787583102
1205300.0,0.9944623315571041,0.0009351762468224505
1205400.0,0.998884826076948,0.0008365564675214592
1205500.0,1.0096678083466715,0.00038737373262620427
1205600.0,0.9974226418190725,0.0006610735593848446
1205700.0,0.9893301266495452,0.0007308873668555118
1205800.0,0.9934846374271754,0.0007836183587361214
1205900.0,1.0061679421878367,0.0007261541162636738
1206000.0,0.9947487951618038,0.0008866891807887135
1206100.0,1.0005731835997176,0.0009750717528500043
1206200.0,0.981995532855094,0.0009663938759760963
1206300.0,0.9915810396635282,0.0006441940354487448
1206400.0,1.0108806735700964,0.0009446358819877802
1206500.0,1.012001357956032,0.0004429708649213134
1206600.0,1.0032835148211332,0.0010506807899561274
1206700.0,0.9899894933685189,0.0010216282543802791
1206800.0,1.00877027598873,0.0007805910843323812
1206900.0,0.9917509907923713,0.0008440717482105569
1207000.0,0.9906399894628352,0.001026444131019982
1207100.0,0.9783882970940444,0.0009772421093589227
1207200.0,0.9829706852806893,0.0010877860329762488
1207300.0,1.0127286344972113,0.0008795462748663937
1207400.0,1.0066060665508052,0.0011193005820383083
1207500.0,0.9960740050099802,0.00108695580744362
1207600.0,0.9916944602517578,0.0010926555450785987
1207700.0,0.9813358187817705,0.0005708740982648881
1207800.0,0.9903984572417417,0.0011570432018405514
1207900.0,0.9971251936427541,0.0009780013282069257
1208000.0,0.9970128302034613,0.0007153861781787963
1208100.0,0.9928739152339761,0.00105239882871719
1208200.0,0.98234461242041,0.0010244590621911053
1208300.0,1.012178159425467,0.000876910418698482
1208400.0,0.9894909250387663,0.0008600843478672764
1208500.0,1.0123816391612328,0.0008788761987242563
1208600.0,0.9973000385859885,0.0009876501889555102
1208700.0,0.9836967402083183,0.0009389311629032816
1208800.0,1.0068867516107483,0.0008647138526458766
1208900.0,1.0170603953172968,0.0009389669422859628
1209000.0,0.9862657914533913,0.0013117053884535317
1209100.0,1.0015165419318133,0.0008486493269647855
1209200.0,1.0131703928786064,0.0007687914234125608
1209300.0,0.9971767113833707,0.0010202387027016214
1209400.0,1.0024837521451477,0.0009274544605077407
1209500.0,1.0224382371732748,0.0008950948753150474
1209600.0,0.991103385183976,0.0010235741648253502
1209700.0,1.0102940735366663,0.0009717107063611902
1209800.0,0.996128138820608,0.0009082708081977302
1209900.0,0.9919308415789644,0.0007995834445679397
1210000.0,1.0232855242040273,0.0009209083251235522
1210100.0,1.008162914882685,0.001031013403446283
1210200.0,1.0059424708060984,0.0008212452088284436
1210300.0,1.0096482872741435,0.0012426940999700875
1210400.0,0.9800676132792864,0.0012664771689862215
1210500.0,0.9987938030378785,0.0009788793031555321
1210600.0,0.9979898971222536,0.0007800504801069392
1210700.0,0.9925888101879545,0.0008096859451360802
1210800.0,0.9796683074866566,0.0006730620072856753
1210900.0,1.0063405331629471,0.0008277712935151238
1211000.0,1.0066848975879186,0.0011434345824563855
1211100.0,0.9823782107884796,0.0009255410510760868
1211200.0,0.9893851212866855,0.0006953300861647569
1211300.0,0.9920670709029916,0.0011526828165718188
1211400.0,1.013625614437555,0.0008608792001823029
1211500.0,1.0176414721958402,0.0009521307119991582
1211600.0,1.0117383258632784,0.0013935674418017459
1211700.0,1.008309684919547,0.0005438571908091945
1211800.0,0.9876146946577669,0.0009652045794987307
1211900.0,0.9979681028700095,0.0007282214336388632
1212000.0,1.0023659838616634,0.00095745556642029
1212100.0,0.9962107814263026,0.0007376515245067483
1212200.0,0.9822468499961966,0.0010761246584358956
1212300.0,0.9859291662797184,0.0007380093065036244
1212400.0,1.017480330214853,0.0008515987150220633
1212500.0,1.0065328140299117,0.0005176532736022028
1212600.0,0.9934006060390504,0.0005546916869002457
1212700.0,0.9787261024449061,0.000847680535596013
1212800.0,0.9986559602082498,0.0006810246720013279
1212900.0,1.0032987952592562,0.0009623338651327156
1213000.0,1.0317984842415266,0.0009340648301646202
1213100.0,1.0073353673279486,0.0005910817894143189
1213200.0,1.003325351617755,0.000986897468852558
1213300.0,0.9854742841286781,0.0010525132583529447
1213400.0,0.9776844250880014,0.0012368271266841844
1213500.0,0.9996736244335511,0.0012112270266148241
1213600.0,0.9993360632196155,0.0010335012254727822
1213700.0,1.014722883293722,0.0005263781073134648
1213800.0,1.0115992947857724,0.0008159860418106819
1213900.0,0.9952416491355993,0.0008506467443866507
1214000.0,0.9981194967529657,0.0008886066977657505
1214100.0,0.988910283614134,0.000940958522736167
1214200.0,1.0212579235373611,0.0010863006613587428
1214300.0,0.990669940320365,0.0004531378119260327
1214400.0,0.9801836176408119,0.0008740752874498581
1214500.0,0.9770921204717492,0.0006830580032936209
1214600.0,1.017530123620483,0.0008606552266744191
1214700.0,0.977755668107423,0.0007965550921952076
1214800.0,1.0115767478922129,0.0012948015369707965
1214900.0,1.002213377249905,0.00096932004554213
1215000.0,0.9756674878426231,0.000823480149944916
1215100.0,0.9849062098529238,0.000641465884846399
1215200.0,1.013862620679806,0.0008101218866573226
1215300.0,0.9933785319013592,0.0009779954782911764
1215400.0,0.9941003489137485,0.0007899317465133175
1215500.0,0.9969958188805469,0.0010429637916173674
1215600.0,1.0030896217925955,0.0008482716423316571
1215700.0,0.9966453538048544,0.0006912802852009761
1215800.0,1.0236310928515153,0.0009872360359043414
1215900.0,0.9914717341796665,0.0007620896926604576
1216000.0,1.0106055845233715,0.0008991372318838723
1216100.0,1.023615857996974,0.0006367492168249959
1216200.0,1.0081340039432056,0.0009078570729620221
1216300.0,0.9950691328564595,0.0011341187486373788
1216400.0,0.979585246567434,0.0010221366208865502
1216500.0,0.993813367093284,0.0008615463878711158
1216600.0,1.011492152168967,0.0010946230936835061
1216700.0,1.0051724099544395,0.0010390358805775002
1216800.0,1.00964232077424,0.0006476448135740597
1216900.0,1.0015939338998407,0.0009156243193940875
1217000.0,1.0080274771465214,0.0006339102207616899
1217100.0,0.9871518107320817,0.0008008263621370648
1217200.0,1.0157925721379994,0.0009340426666685264
1217300.0,1.0211178972646018,0.0008373394656838642
1217400.0,0.9943510880452671,0.001003771850916089
1217500.0,0.9927377114205358,0.0007604044455159605
1217600.0,1.0147809047201533,0.0008130105616685914
1217700.0,1.0043793017700202,0.0008936864980537304
1217800.0,1.0095302530630292,0.000991449016837412
1217900.0,0.9818642127617927,0.0010260747192591072
1218000.0,0.9976323039535694,0.0012455140115115529
1218100.0,1.0055308249320607,0.0009263111155363423
1218200.0,0.9872732486007831,0.0008718508581324956
1218300.0,0.9834876346831064,0.0007583230946042269
1218400.0,0.9916722990437591,0.0010689339775090262
1218500.0,1.0086330641649992,0.0010880113381954964
1218600.0,1.005924492558846,0.0009239210041451679
1218700.0,1.0156863931621323,0.0007345306285797996
1218800.0,1.0169275656321886,0.0007819696340715869
1218900.0,0.9845545513497385,0.0007816326997255625
1219000.0,1.0095589436832317,0.0008469921470692068
1219100.0,1.0173552186748953,0.0010905506825851826
1219200.0,0.9991471896014751,0.001079864860887175
1219300.0,0.9824875607564288,0.0008183110640830706
1219400.0,1.0071792343951071,0.000791343127760948
1219500.0,0.9862920650602999,0.001392839690970182
1219600.0,0.9927498727669657,0.0011055679273531671
1219700.0,0.9881725738016086,0.00107364889948446
1219800.0,0.9941993911611914,0.0008682288879063362
1219900.0,0.9754024714523338,0.0006849260789681805
1220000.0,0.9883606847069809,0.0007424215227679876
1220100.0,0.9943610113969217,0.000941829512797546
1220200.0,0.991434046717014,0.0008090721345192147
1220300.0,1.003034736799712,0.0009265971778747307
1220400.0,1.006330842271528,0.001206273808250906
1220500.0,0.9824164761135133,0.001007355833106911
1220600.0,1.009388028435326,0.0007530956314986003
1220700.0,0.9991916874454726,0.0007361272363793184
1220800.0,0.9810332941597503,0.0007684184486610566
1220900.0,0.9928802553901106,0.0009245388791292696
1221000.0,1.0206492149624797,0.0008574713277842458
1221100.0,0.9804642953039677,0.0007700208158906726
1221200.0,1.0002839049808652,0.0009698777862179403
1221300.0,0.9970043478847941,0.0008427364722397449
1221400.0,1.0029128990356428,0.000981681755473052
1221500.0,0.9846022401976001,0.001079288507043496
1221600.0,1.002935398864833,0.0011452265568479341
1221700.0,0.9878734872180529,0.0010497743344621883
1221800.0,1.0003882505650208,0.0012765188178657362
1221900.0,1.0066562208511862,0.0006435829974480598
1222000.0,0.9953304125753488,0.0007929419820131243
1222100.0,0.9940141474228664,0.0008494637663105548
1222200.0,1.0003724413274013,0.0009157325416777153
1222300.0,0.9907400293040817,0.0009957447773090392
1222400.0,1.0145158700838868,0.0008295223362170505
1222500.0,0.9990704827323641,0.0008197939272329811
1222600.0,1.000694394607134,0.0010670565938357601
1222700.0,0.989507815360126,0.0010459058377709567
1222800.0,1.0035708509319867,0.0011489442413465595
1222900.0,1.0134762382741935,0.0007761452308673049
1223000.0,1.0052096707474367,0.0008450171927531948
1223100.0,1.0097921195007462,0.0008862032499580083
1223200.0,1.0297941585005963,0.0010419611692962943
1223300.0,0.9968836751381404,0.0011864000630973114
1223400.0,0.9966868959355522,0.0007851442790432713
1223500.0,0.9844812164114032,0.000831513403515716
1223600.0,0.9980464073739915,0.000845817162662787
1223700.0,0.9990833673305688,0.0008614880939708132
1223800.0,1.017533866617025,0.000678069047450467
1223900.0,1.0196534790818488,0.0005401807551525316
1224000.0,0.9975484125949935,0.0007355620353937905
1224100.0,0.9899927037237832,0.0005708264019447858
1224200.0,1.000082343436004,0.0008015854022061623
1224300.0,0.9939353678246126,0.0007323660507650205
1224400.0,0.9918216515994537,0.001020572024274577
1224500.0,1.0046669742505152,0.0009564347995912158
1224600.0,0.9897457527246458,0.0009399257784965004
1224700.0,1.0011105171170198,0.0008100868066124843
1224800.0,1.003044288742793,0.0009177880530625887
1224900.0,0.9934743729816204,0.0006766092245216766
1225000.0,0.9918582137085697,0.0008289236581763751
1225100.0,1.004033452836757,0.001003347525882851
1225200.0,1.0052290514282083,0.0009239814456799385
1225300.0,0.9753769333908283,0.0008110146899591669
1225400.0,1.001222436821504,0.0007200073826512488
1225500.0,0.996873592706171,0.0009796558082546855
1225600.0,0.9851643967128623,0.001092364999915031
1225700.0,1.0168577562112349,0.0006587329578978265
1225800.0,1.0076283849562087,0.0008063951279438696
1225900.0,0.9863597507373896,0.0009190486422620879
1226000.0,1.007092556648192,0.0009784243465366512
1226100.0,0.9928463344241413,0.0009228726675832625
1226200.0,1.0164284725824781,0.0011852425170013501
1226300.0,0.9916748022249995,0.0011804217203822689
1226400.0,0.9802900859519985,0.0008978840028393523
1226500.0,1.019204607891295,0.0012440819574568937
1226600.0,0.9957507720418363,0.0007856018535514294
